open_time,open,high,low,close,volume,close_time,quote_volume,count,taker_buy_volume,taker_buy_quote_volume,ignore
1729987200000,3.467,3.470,3.466,3.467,28372.8,1729987259999,98403.9439,287,8758.9,30382.2775,0
1729987260000,3.466,3.468,3.465,3.465,31069.4,1729987319999,107689.4081,245,11081.5,38407.7148,0
1729987320000,3.465,3.467,3.465,3.466,10670.5,1729987379999,36979.3325,93,5434.8,18837.2246,0
1729987380000,3.465,3.466,3.465,3.465,4653.5,1729987439999,16124.4457,77,68.2,236.3812,0
1729987440000,3.466,3.466,3.465,3.466,1118.5,1729987499999,3875.7555,35,153.0,530.2980,0
1729987500000,3.465,3.467,3.465,3.466,13647.2,1729987559999,47294.0480,165,7527.0,26087.1576,0
1729987560000,3.465,3.465,3.464,3.464,7420.4,1729987619999,25706.8489,100,21.4,74.1510,0
1729987620000,3.464,3.466,3.464,3.465,10181.7,1729987679999,35274.1541,140,4817.8,16691.6085,0
1729987680000,3.464,3.465,3.463,3.464,10919.6,1729987739999,37825.9165,135,2249.7,7794.3916,0
1729987740000,3.464,3.469,3.463,3.468,16038.0,1729987799999,55591.5782,131,14398.1,49910.3018,0
1729987800000,3.468,3.471,3.468,3.469,18794.5,1729987859999,65202.5814,167,12123.5,42059.3188,0
1729987860000,3.470,3.470,3.469,3.470,5528.1,1729987919999,19180.5277,72,3548.8,12314.3360,0
1729987920000,3.470,3.472,3.469,3.471,24204.0,1729987979999,84002.1921,184,18284.8,63462.5176,0
1729987980000,3.471,3.472,3.470,3.471,8629.4,1729988039999,29955.0507,96,5066.1,17587.1010,0
1729988040000,3.470,3.471,3.469,3.470,2709.7,1729988099999,9403.0515,62,537.9,1866.9551,0
1729988100000,3.470,3.472,3.468,3.472,9485.6,1729988159999,32910.2442,177,6170.0,21407.9525,0
1729988160000,3.471,3.471,3.469,3.470,12430.8,1729988219999,43136.7253,153,2101.0,7291.6875,0
1729988220000,3.470,3.472,3.469,3.471,9632.5,1729988279999,33422.8953,132,6433.0,22323.6870,0
1729988280000,3.472,3.472,3.470,3.472,3874.1,1729988339999,13446.5759,70,2650.1,9198.7551,0
1729988340000,3.471,3.472,3.469,3.469,4218.6,1729988399999,14639.3772,92,154.6,536.6644,0
1729988400000,3.470,3.478,3.470,3.476,25517.7,1729988459999,88649.2258,234,18111.0,62919.3471,0
1729988460000,3.476,3.478,3.474,3.477,20409.2,1729988519999,70939.4971,167,12883.4,44782.3706,0
1729988520000,3.478,3.478,3.476,3.476,6507.7,1729988579999,22624.1284,65,1856.4,6454.2126,0
1729988580000,3.477,3.478,3.476,3.477,10075.9,1729988639999,35030.4944,99,5597.7,19462.8801,0
1729988640000,3.478,3.478,3.476,3.476,5529.5,1729988699999,19224.8157,65,809.5,2814.6353,0
1729988700000,3.477,3.477,3.472,3.472,23218.4,1729988759999,80646.7107,267,8140.3,28274.0804,0
1729988760000,3.473,3.479,3.472,3.478,15092.1,1729988819999,52441.6624,149,12403.2,43091.5750,0
1729988820000,3.478,3.480,3.478,3.479,7350.2,1729988879999,25571.3010,103,5070.7,17641.3483,0
1729988880000,3.478,3.479,3.476,3.479,9493.3,1729988939999,33009.6221,105,1927.4,6702.3214,0
1729988940000,3.478,3.479,3.478,3.478,3329.8,1729988999999,11583.4327,46,2388.3,8308.8957,0
1729989000000,3.479,3.481,3.477,3.481,13670.0,1729989059999,47552.2075,170,6762.7,23528.4918,0
1729989060000,3.481,3.483,3.480,3.480,19918.5,1729989119999,69347.8677,201,10707.7,37282.2262,0
1729989120000,3.481,3.482,3.477,3.478,26344.3,1729989179999,91697.4613,424,14040.1,48874.6473,0
1729989180000,3.477,3.479,3.477,3.477,6398.4,1729989239999,22251.3413,79,3509.9,12207.4390,0
1729989240000,3.477,3.479,3.477,3.479,4354.2,1729989299999,15145.3216,62,3243.9,11283.7948,0
1729989300000,3.478,3.479,3.477,3.477,7974.3,1729989359999,27732.0976,163,220.9,768.4958,0
1729989360000,3.476,3.477,3.473,3.473,8410.3,1729989419999,29230.5393,210,1656.8,5760.6498,0
1729989420000,3.474,3.474,3.470,3.472,43042.9,1729989479999,149431.4205,259,12499.3,43395.2079,0
1729989480000,3.472,3.476,3.472,3.474,4911.1,1729989539999,17062.2534,83,2090.2,7259.9205,0
1729989540000,3.474,3.475,3.471,3.472,9699.7,1729989599999,33682.4428,122,3344.8,11613.2173,0
1729989600000,3.473,3.473,3.471,3.472,5273.4,1729989659999,18307.3423,56,104.9,364.2378,0
1729989660000,3.471,3.472,3.470,3.470,2501.5,1729989719999,8682.6541,80,508.8,1766.0881,0
1729989720000,3.471,3.471,3.470,3.471,8815.5,1729989779999,30590.0898,110,304.8,1057.9608,0
1729989780000,3.471,3.473,3.470,3.473,13492.9,1729989839999,46836.0641,102,13311.9,46207.7857,0
1729989840000,3.473,3.473,3.470,3.471,4045.1,1729989899999,14042.3754,78,317.6,1102.4054,0
1729989900000,3.470,3.473,3.469,3.473,29408.3,1729989959999,102056.0974,215,17193.0,59668.8443,0
1729989960000,3.473,3.476,3.472,3.473,9318.0,1729990019999,32376.0355,117,2063.1,7166.8637,0
1729990020000,3.473,3.473,3.471,3.472,21219.0,1729990079999,73671.8384,134,4331.3,15038.3022,0
1729990080000,3.473,3.473,3.469,3.469,8920.5,1729990139999,30962.0627,114,3189.4,11067.5960,0
1729990140000,3.470,3.470,3.469,3.469,21396.6,1729990199999,74225.7420,153,7728.1,26809.7155,0
1729990200000,3.469,3.471,3.469,3.471,7246.4,1729990259999,25144.3503,128,3777.4,13107.7829,0
1729990260000,3.470,3.472,3.469,3.472,2885.0,1729990319999,10012.0399,77,1384.2,4803.9433,0
1729990320000,3.471,3.471,3.469,3.471,3857.9,1729990379999,13388.4381,90,1366.8,4744.0982,0
1729990380000,3.470,3.473,3.470,3.471,4617.0,1729990439999,16027.0050,81,2868.0,9955.9364,0
1729990440000,3.471,3.471,3.468,3.469,3959.9,1729990499999,13742.4319,91,1871.8,6496.9969,0
1729990500000,3.469,3.469,3.467,3.469,6389.9,1729990559999,22161.4362,100,1795.0,6226.3248,0
1729990560000,3.469,3.469,3.465,3.467,7284.1,1729990619999,25247.8394,172,956.1,3314.6538,0
1729990620000,3.467,3.467,3.465,3.466,795.2,1729990679999,2756.4130,53,468.1,1622.7212,0
1729990680000,3.466,3.467,3.464,3.465,5167.8,1729990739999,17907.2301,106,48.8,169.1147,0
1729990740000,3.464,3.466,3.464,3.465,6047.4,1729990799999,20954.8929,67,5057.6,17525.3813,0
1729990800000,3.465,3.465,3.460,3.461,30099.5,1729990859999,104194.0501,333,1018.0,3524.1486,0
1729990860000,3.462,3.463,3.461,3.461,5865.6,1729990919999,20307.3236,93,5311.9,18390.7901,0
1729990920000,3.461,3.462,3.460,3.460,10045.2,1729990979999,34766.8920,189,3587.8,12420.9310,0
1729990980000,3.460,3.461,3.459,3.460,6236.9,1729991039999,21577.1252,185,1104.8,3822.6418,0
1729991040000,3.460,3.464,3.460,3.461,14482.1,1729991099999,50135.4227,199,7409.3,25646.2503,0
1729991100000,3.461,3.462,3.459,3.460,5020.9,1729991159999,17375.1740,142,124.0,429.0934,0
1729991160000,3.460,3.463,3.459,3.461,7382.0,1729991219999,25552.7269,117,2981.0,10319.2789,0
1729991220000,3.462,3.464,3.462,3.464,3716.3,1729991279999,12869.5171,50,2361.8,8180.1933,0
1729991280000,3.463,3.465,3.463,3.464,5124.7,1729991339999,17748.5933,102,1967.2,6814.1374,0
1729991340000,3.464,3.465,3.461,3.462,4648.5,1729991399999,16095.8181,121,73.5,254.5123,0
1729991400000,3.461,3.462,3.460,3.461,5853.0,1729991459999,20257.3302,131,1355.3,4690.8436,0
1729991460000,3.460,3.463,3.460,3.461,6539.8,1729991519999,22640.0731,97,3524.7,12202.0665,0
1729991520000,3.461,3.462,3.460,3.461,4887.8,1729991579999,16915.0926,121,1664.6,5760.9439,0
1729991580000,3.462,3.463,3.461,3.462,601.4,1729991639999,2081.9821,34,521.4,1805.0879,0
1729991640000,3.462,3.462,3.459,3.461,6396.4,1729991699999,22134.8226,122,1938.5,6707.8392,0
1729991700000,3.461,3.463,3.459,3.462,14126.2,1729991759999,48898.6533,134,12178.0,42156.1914,0
1729991760000,3.462,3.463,3.461,3.463,7360.6,1729991819999,25479.5201,116,989.3,3424.9807,0
1729991820000,3.462,3.463,3.459,3.460,2374.5,1729991879999,8220.4942,97,824.9,2856.4632,0
1729991880000,3.460,3.461,3.459,3.460,2287.8,1729991939999,7915.5551,65,661.4,2288.4831,0
1729991940000,3.459,3.459,3.454,3.456,30513.8,1729991999999,105461.3676,235,1151.7,3980.3793,0
1729992000000,3.456,3.457,3.454,3.454,6014.3,1729992059999,20783.4186,96,1378.4,4764.1069,0
1729992060000,3.454,3.455,3.452,3.454,16228.8,1729992119999,56053.0927,146,11043.7,38148.7300,0
1729992120000,3.454,3.454,3.453,3.453,4950.8,1729992179999,17096.8757,64,2336.8,8070.7059,0
1729992180000,3.454,3.456,3.453,3.454,5285.4,1729992239999,18258.9882,63,3694.5,12762.9550,0
1729992240000,3.453,3.453,3.452,3.453,5038.5,1729992299999,17395.8401,86,1847.7,6380.1081,0
1729992300000,3.453,3.456,3.452,3.455,1589.7,1729992359999,5491.7637,47,1491.4,5152.2731,0
1729992360000,3.455,3.457,3.454,3.457,3839.1,1729992419999,13264.4454,67,2393.0,8268.1883,0
1729992420000,3.457,3.458,3.456,3.456,2135.6,1729992479999,7382.7236,59,838.7,2899.4270,0
1729992480000,3.456,3.459,3.456,3.459,868.2,1729992539999,3002.2627,43,806.8,2790.0427,0
1729992540000,3.458,3.459,3.458,3.459,167.7,1729992599999,579.9747,28,68.1,235.5579,0
1729992600000,3.458,3.458,3.455,3.456,2802.7,1729992659999,9688.8570,94,537.3,1856.9772,0
1729992660000,3.456,3.459,3.455,3.457,4055.1,1729992719999,14020.7313,73,3204.8,11080.5527,0
1729992720000,3.457,3.464,3.457,3.464,9780.2,1729992779999,33852.0382,96,8396.4,29065.6179,0
1729992780000,3.464,3.467,3.463,3.467,4352.2,1729992839999,15080.1772,72,4233.4,14668.6308,0
1729992840000,3.466,3.468,3.466,3.468,3416.4,1729992899999,11842.2440,81,963.1,3339.1032,0
1729992900000,3.467,3.471,3.467,3.471,31208.9,1729992959999,108259.6461,171,24803.7,86041.5472,0
1729992960000,3.470,3.473,3.470,3.473,3706.0,1729993019999,12866.8714,86,3480.3,12083.4718,0
1729993020000,3.473,3.475,3.472,3.473,8908.5,1729993079999,30941.6591,135,5003.2,17378.7132,0
1729993080000,3.474,3.474,3.470,3.472,8485.1,1729993139999,29455.5335,124,3108.4,10791.5654,0
1729993140000,3.471,3.472,3.467,3.467,8020.2,1729993199999,27840.1286,146,4338.9,15064.2523,0
1729993200000,3.467,3.468,3.467,3.468,580.5,1729993259999,2012.6682,25,74.7,259.0596,0
1729993260000,3.467,3.467,3.466,3.466,1127.2,1729993319999,3907.8751,46,612.8,2124.5776,0
1729993320000,3.467,3.468,3.464,3.464,9140.2,1729993379999,31682.9898,105,4447.1,15417.8360,0
1729993380000,3.465,3.467,3.464,3.467,6034.8,1729993439999,20917.5564,56,5004.2,17345.5291,0
1729993440000,3.466,3.467,3.463,3.464,3874.0,1729993499999,13425.3606,98,48.0,166.3385,0
1729993500000,3.464,3.467,3.463,3.465,17920.1,1729993559999,62102.3100,155,14508.4,50280.5940,0
1729993560000,3.466,3.468,3.466,3.468,1051.0,1729993619999,3643.6713,61,990.9,3435.3390,0
1729993620000,3.467,3.473,3.467,3.473,12144.2,1729993679999,42139.0568,133,8506.3,29515.4977,0
1729993680000,3.473,3.473,3.471,3.472,889.6,1729993739999,3088.5520,58,156.4,543.0747,0
1729993740000,3.472,3.472,3.471,3.471,1438.1,1729993799999,4991.9306,50,285.5,991.2560,0
1729993800000,3.471,3.471,3.470,3.470,2946.1,1729993859999,10223.4983,64,1772.1,6149.2281,0
1729993860000,3.470,3.471,3.470,3.471,1456.8,1729993919999,5055.3933,68,1121.5,3891.9023,0
1729993920000,3.470,3.473,3.470,3.471,1778.3,1729993979999,6173.1020,56,1402.0,4866.8413,0
1729993980000,3.472,3.474,3.471,3.474,5467.1,1729994039999,18986.8373,68,5243.9,18211.9656,0
1729994040000,3.474,3.474,3.473,3.474,305.1,1729994099999,1059.7318,34,119.5,415.1430,0
1729994100000,3.474,3.474,3.468,3.469,7181.6,1729994159999,24925.3008,179,1228.2,4261.8917,0
1729994160000,3.470,3.471,3.468,3.470,2078.4,1729994219999,7210.9327,68,1110.2,3852.0419,0
1729994220000,3.470,3.471,3.469,3.471,8564.9,1729994279999,29720.0541,72,6028.6,20919.2798,0
1729994280000,3.470,3.470,3.468,3.469,1190.9,1729994339999,4131.5090,70,370.0,1283.5477,0
1729994340000,3.468,3.471,3.468,3.470,1952.3,1729994399999,6772.7994,60,1326.9,4603.2773,0
1729994400000,3.471,3.473,3.470,3.472,4997.9,1729994459999,17350.6367,146,3659.8,12706.3803,0
1729994460000,3.473,3.473,3.470,3.471,7170.4,1729994519999,24896.7527,149,4204.3,14598.6331,0
1729994520000,3.471,3.471,3.469,3.470,3753.3,1729994579999,13023.4242,88,799.8,2776.0924,0
1729994580000,3.470,3.473,3.470,3.471,4276.4,1729994639999,14844.4872,137,3013.8,10461.0953,0
1729994640000,3.471,3.472,3.468,3.472,2935.8,1729994699999,10183.5380,162,1220.2,4233.2388,0
1729994700000,3.472,3.472,3.469,3.470,7182.0,1729994759999,24926.8015,182,4645.9,16125.1793,0
1729994760000,3.470,3.473,3.469,3.473,6644.0,1729994819999,23062.2039,159,4907.9,17036.4284,0
1729994820000,3.473,3.475,3.472,3.475,14274.8,1729994879999,49592.1052,149,13839.0,48078.9683,0
1729994880000,3.475,3.476,3.471,3.473,12875.0,1729994939999,44719.6798,183,1886.7,6553.9146,0
1729994940000,3.472,3.472,3.470,3.472,8021.1,1729994999999,27840.0994,121,5853.6,20317.2191,0
1729995000000,3.472,3.472,3.465,3.465,7090.7,1729995059999,24590.0754,131,329.0,1142.0726,0
1729995060000,3.465,3.467,3.465,3.467,946.1,1729995119999,3279.5582,60,725.2,2513.9293,0
1729995120000,3.466,3.471,3.466,3.470,6483.2,1729995179999,22489.1359,148,6351.7,22033.1359,0
1729995180000,3.470,3.470,3.465,3.465,14361.4,1729995239999,49794.1553,178,5547.1,19235.9126,0
1729995240000,3.466,3.467,3.465,3.466,4401.7,1729995299999,15252.9123,68,736.5,2552.7193,0
1729995300000,3.465,3.465,3.463,3.464,5878.7,1729995359999,20363.9432,125,1642.8,5690.7688,0
1729995360000,3.463,3.464,3.461,3.462,3604.5,1729995419999,12482.1935,103,356.6,1234.9150,0
1729995420000,3.461,3.463,3.458,3.461,19295.2,1729995479999,66751.0752,165,9543.7,33025.2468,0
1729995480000,3.462,3.463,3.462,3.463,3015.1,1729995539999,10440.6152,65,2580.7,8936.7156,0
1729995540000,3.462,3.464,3.461,3.463,2300.2,1729995599999,7964.7527,87,949.8,3288.6977,0
1729995600000,3.463,3.463,3.461,3.462,2730.5,1729995659999,9451.6516,53,537.4,1860.4827,0
1729995660000,3.463,3.463,3.460,3.461,3798.5,1729995719999,13147.6285,85,339.1,1173.9808,0
1729995720000,3.460,3.461,3.460,3.461,903.0,1729995779999,3124.4522,60,198.7,687.5742,0
1729995780000,3.460,3.461,3.459,3.459,728.7,1729995839999,2521.4039,42,291.0,1007.1431,0
1729995840000,3.459,3.462,3.459,3.461,881.0,1729995899999,3048.4195,56,772.9,2674.4618,0
1729995900000,3.461,3.461,3.459,3.460,1645.3,1729995959999,5692.7860,71,54.5,188.6194,0
1729995960000,3.460,3.460,3.456,3.459,15376.5,1729996019999,53157.1855,160,6243.7,21588.8441,0
1729996020000,3.459,3.460,3.458,3.459,5991.2,1729996079999,20723.3278,75,5023.0,17374.7257,0
1729996080000,3.459,3.460,3.458,3.458,1024.6,1729996139999,3543.9094,45,47.7,165.0189,0
1729996140000,3.459,3.460,3.458,3.459,452.7,1729996199999,1566.0248,45,327.6,1133.3161,0
1729996200000,3.459,3.460,3.458,3.459,1696.3,1729996259999,5866.8557,69,282.4,976.8437,0
1729996260000,3.460,3.460,3.457,3.459,4033.9,1729996319999,13951.1889,145,577.6,1997.8383,0
1729996320000,3.460,3.465,3.460,3.464,6315.5,1729996379999,21860.1177,100,6189.1,21422.6459,0
1729996380000,3.464,3.464,3.461,3.462,4123.4,1729996439999,14279.1383,107,1113.6,3855.6867,0
1729996440000,3.461,3.464,3.461,3.463,2311.3,1729996499999,8003.9019,59,2181.9,7555.8886,0
1729996500000,3.463,3.467,3.463,3.466,3707.6,1729996559999,12848.1734,110,2107.5,7302.4615,0
1729996560000,3.465,3.467,3.464,3.464,6204.3,1729996619999,21495.6343,112,926.9,3213.1345,0
1729996620000,3.464,3.465,3.462,3.463,3379.1,1729996679999,11702.9010,80,2458.9,8516.0971,0
1729996680000,3.463,3.464,3.461,3.463,3047.9,1729996739999,10552.0232,90,428.1,1482.5171,0
1729996740000,3.462,3.463,3.462,3.463,1272.4,1729996799999,4405.1277,45,78.9,273.2307,0
1729996800000,3.462,3.464,3.459,3.460,21903.6,1729996859999,75808.2952,522,7191.4,24898.2656,0
1729996860000,3.461,3.461,3.459,3.459,3564.9,1729996919999,12334.6536,74,110.9,383.8213,0
1729996920000,3.459,3.461,3.459,3.461,2605.6,1729996979999,9014.3889,53,1603.1,5546.7361,0
1729996980000,3.461,3.463,3.461,3.462,2654.3,1729997039999,9189.0027,99,676.5,2341.9416,0
1729997040000,3.462,3.463,3.461,3.462,2049.2,1729997099999,7093.8623,52,1289.5,4464.2529,0
1729997100000,3.461,3.462,3.458,3.460,10727.4,1729997159999,37112.4745,156,5075.4,17559.0478,0
1729997160000,3.460,3.462,3.460,3.460,10818.3,1729997219999,37439.6460,164,4115.2,14242.2288,0
1729997220000,3.459,3.462,3.459,3.460,3112.6,1729997279999,10771.4405,79,2727.1,9437.3308,0
1729997280000,3.460,3.462,3.460,3.462,840.8,1729997339999,2909.7437,51,565.7,1957.8977,0
1729997340000,3.461,3.462,3.461,3.461,214.0,1729997399999,740.7300,36,76.0,263.1120,0
1729997400000,3.461,3.462,3.460,3.462,2124.6,1729997459999,7352.0419,116,793.5,2745.9451,0
1729997460000,3.462,3.465,3.462,3.465,2308.0,1729997519999,7992.8916,82,1092.4,3783.3428,0
1729997520000,3.464,3.464,3.462,3.463,3273.6,1729997579999,11338.3982,94,63.3,219.2079,0
1729997580000,3.463,3.463,3.461,3.462,4622.4,1729997639999,16005.2560,77,3630.2,12570.9626,0
1729997640000,3.462,3.462,3.460,3.460,3432.0,1729997699999,11875.2612,68,50.3,174.0965,0
1729997700000,3.461,3.462,3.459,3.461,2789.2,1729997759999,9651.4845,76,1979.0,6847.6978,0
1729997760000,3.462,3.462,3.460,3.460,6344.5,1729997819999,21958.8421,78,477.3,1652.4061,0
1729997820000,3.460,3.461,3.459,3.461,1478.5,1729997879999,5115.3085,66,558.4,1932.1308,0
1729997880000,3.460,3.461,3.460,3.460,344.2,1729997939999,1191.2132,42,281.2,973.2332,0
1729997940000,3.460,3.463,3.460,3.462,2941.0,1729997999999,10182.0701,54,2859.5,9900.0025,0
1729998000000,3.463,3.463,3.462,3.463,2025.3,1729998059999,7013.4310,78,1842.4,6380.2312,0
1729998060000,3.462,3.464,3.462,3.463,2950.1,1729998119999,10216.2489,96,1393.2,4824.7279,0
1729998120000,3.463,3.465,3.462,3.463,4294.1,1729998179999,14871.4553,113,1665.5,5768.3566,0
1729998180000,3.464,3.464,3.462,3.463,2086.2,1729998239999,7224.4984,86,1031.2,3571.1313,0
1729998240000,3.463,3.465,3.460,3.465,9374.8,1729998299999,32454.7902,165,3842.4,13302.6872,0
1729998300000,3.465,3.469,3.465,3.467,12180.2,1729998359999,42227.6967,149,9517.3,32994.0459,0
1729998360000,3.468,3.468,3.466,3.468,9088.9,1729998419999,31511.4053,90,7189.2,24925.1739,0
1729998420000,3.467,3.468,3.467,3.467,2293.4,1729998479999,7951.4669,69,249.1,863.8788,0
1729998480000,3.466,3.469,3.466,3.468,2191.9,1729998539999,7599.2451,56,1774.2,6151.4462,0
1729998540000,3.468,3.468,3.466,3.466,9368.1,1729998599999,32481.2377,169,1575.0,5459.9182,0
1729998600000,3.467,3.468,3.466,3.466,1008.2,1729998659999,3495.3082,63,484.8,1680.8804,0
1729998660000,3.467,3.470,3.466,3.469,5069.3,1729998719999,17584.1400,85,3451.6,11972.5673,0
1729998720000,3.468,3.470,3.468,3.469,3856.0,1729998779999,13376.3002,97,2236.4,7758.1060,0
1729998780000,3.470,3.470,3.468,3.470,3596.5,1729998839999,12474.1875,74,492.0,1707.0110,0
1729998840000,3.469,3.470,3.467,3.468,2514.0,1729998899999,8719.0097,100,373.6,1295.7223,0
1729998900000,3.468,3.470,3.467,3.469,2171.3,1729998959999,7531.6531,94,1021.5,3543.5352,0
1729998960000,3.470,3.471,3.469,3.470,17369.1,1729999019999,60264.3996,142,1472.5,5109.5963,0
1729999020000,3.469,3.473,3.469,3.473,10991.8,1729999079999,38154.4740,115,6533.9,22683.8174,0
1729999080000,3.472,3.476,3.472,3.475,12011.6,1729999139999,41729.0262,179,9516.1,33063.6603,0
1729999140000,3.475,3.475,3.473,3.474,11571.6,1729999199999,40190.4129,112,5851.1,20321.3641,0
1729999200000,3.473,3.476,3.472,3.474,4053.7,1729999259999,14084.2998,99,1523.5,5292.8355,0
1729999260000,3.473,3.476,3.473,3.474,3111.7,1729999319999,10810.0625,87,2453.1,8522.1767,0
1729999320000,3.475,3.479,3.473,3.478,28335.9,1729999379999,98511.3162,190,24118.2,83849.0551,0
1729999380000,3.478,3.482,3.478,3.481,29460.1,1729999439999,102528.2548,187,23972.5,83427.0094,0
1729999440000,3.480,3.482,3.480,3.481,18668.7,1729999499999,64988.3113,103,15730.0,54758.7233,0
1729999500000,3.482,3.483,3.481,3.482,9590.4,1729999559999,33392.8208,147,4766.6,16597.4699,0
1729999560000,3.481,3.483,3.481,3.482,5404.1,1729999619999,18820.5686,110,3749.3,13058.6592,0
1729999620000,3.482,3.485,3.481,3.484,18362.1,1729999679999,63955.2606,180,9589.1,33395.7110,0
1729999680000,3.485,3.486,3.484,3.485,9693.4,1729999739999,33782.2677,115,6913.0,24092.7969,0
1729999740000,3.484,3.486,3.484,3.484,5637.1,1729999799999,19646.8502,89,2839.0,9895.7243,0
1729999800000,3.485,3.485,3.483,3.483,5088.3,1729999859999,17726.2754,101,564.3,1966.0729,0
1729999860000,3.483,3.486,3.483,3.485,12281.6,1729999919999,42798.6255,166,5896.6,20549.6736,0
1729999920000,3.486,3.487,3.483,3.484,7299.9,1729999979999,25435.8088,152,462.1,1610.7238,0
1729999980000,3.484,3.486,3.482,3.485,11199.8,1730000039999,39022.0165,147,2790.5,9723.2126,0
1730000040000,3.484,3.485,3.483,3.484,3710.2,1730000099999,12926.1905,100,1463.5,5098.8488,0
1730000100000,3.483,3.489,3.482,3.487,26205.5,1730000159999,91383.0767,335,10440.2,36417.8678,0
1730000160000,3.487,3.488,3.485,3.487,14749.9,1730000219999,51428.0880,164,4496.3,15678.3660,0
1730000220000,3.487,3.488,3.485,3.486,11820.2,1730000279999,41210.5477,148,3197.4,11147.2688,0
1730000280000,3.486,3.486,3.484,3.485,5827.3,1730000339999,20307.1652,105,211.9,738.6137,0
1730000340000,3.484,3.486,3.484,3.485,11516.8,1730000399999,40136.0564,131,10631.4,37050.6367,0
1730000400000,3.485,3.485,3.484,3.484,5250.9,1730000459999,18295.9894,208,657.2,2290.3420,0
1730000460000,3.484,3.485,3.482,3.483,22736.2,1730000519999,79195.3598,311,2044.7,7123.2666,0
1730000520000,3.484,3.484,3.482,3.483,20084.1,1730000579999,69961.9272,192,11648.5,40582.9135,0
1730000580000,3.483,3.484,3.483,3.483,2791.6,1730000639999,9724.1114,67,968.6,3374.6024,0
1730000640000,3.483,3.485,3.483,3.484,6144.8,1730000699999,21406.6193,125,1228.4,4279.8575,0
1730000700000,3.483,3.486,3.483,3.485,5213.9,1730000759999,18168.8926,109,3818.6,13307.1723,0
1730000760000,3.485,3.486,3.484,3.485,3594.0,1730000819999,12525.0314,94,1953.7,6808.9443,0
1730000820000,3.485,3.486,3.483,3.483,10851.0,1730000879999,37810.5838,167,3128.3,10902.6772,0
1730000880000,3.484,3.488,3.483,3.484,36346.5,1730000939999,126689.5547,351,7539.0,26276.3167,0
1730000940000,3.485,3.486,3.484,3.485,2823.9,1730000999999,9841.6089,101,2224.7,7753.8469,0
1730001000000,3.486,3.488,3.484,3.488,8798.3,1730001059999,30668.9598,162,4519.8,15758.6337,0
1730001060000,3.487,3.488,3.486,3.488,11617.5,1730001119999,40504.8500,167,2361.5,8235.5914,0
1730001120000,3.488,3.489,3.487,3.488,4920.9,1730001179999,17167.6179,98,4792.2,16718.7369,0
1730001180000,3.488,3.493,3.488,3.493,6572.4,1730001239999,22938.5847,176,6033.9,21059.4366,0
1730001240000,3.493,3.493,3.491,3.492,14127.6,1730001299999,49333.0465,190,5925.2,20694.3360,0
1730001300000,3.491,3.492,3.489,3.491,19856.8,1730001359999,69308.4890,204,4802.2,16763.9416,0
1730001360000,3.492,3.492,3.491,3.491,7769.8,1730001419999,27131.8632,84,7491.4,26159.9688,0
1730001420000,3.492,3.493,3.491,3.492,8937.1,1730001479999,31208.5235,111,7882.5,27525.9589,0
1730001480000,3.492,3.493,3.491,3.491,14230.7,1730001539999,49681.3188,555,264.2,922.7145,0
1730001540000,3.492,3.492,3.491,3.491,5885.7,1730001599999,20548.3713,68,1392.6,4862.9592,0
1730001600000,3.492,3.493,3.491,3.492,12625.2,1730001659999,44086.3925,236,5266.4,18392.0996,0
1730001660000,3.493,3.497,3.492,3.497,13144.3,1730001719999,45937.1451,207,12296.4,42974.7049,0
1730001720000,3.496,3.497,3.494,3.496,49676.0,1730001779999,173662.8849,410,14396.0,50331.6848,0
1730001780000,3.497,3.497,3.496,3.497,6989.4,1730001839999,24440.7800,103,5837.6,20414.0872,0
1730001840000,3.497,3.498,3.496,3.497,8635.5,1730001899999,30200.0594,150,5479.1,19162.1488,0
1730001900000,3.498,3.500,3.497,3.499,23110.6,1730001959999,80857.5920,218,7966.1,27870.6363,0
1730001960000,3.500,3.501,3.498,3.501,24378.4,1730002019999,85318.3572,233,16301.5,57057.9537,0
1730002020000,3.500,3.501,3.499,3.501,17786.9,1730002079999,62257.2816,167,6654.9,23296.6147,0
1730002080000,3.501,3.501,3.499,3.501,10875.8,1730002139999,38065.1094,120,2830.8,9908.1563,0
1730002140000,3.500,3.501,3.500,3.500,6116.8,1730002199999,21410.8899,81,2089.9,7316.7399,0
1730002200000,3.500,3.504,3.500,3.504,12046.0,1730002259999,42190.7057,160,11884.0,41623.4474,0
1730002260000,3.503,3.504,3.502,3.503,21007.9,1730002319999,73591.6842,218,4734.4,16586.8538,0
1730002320000,3.502,3.503,3.500,3.500,19402.5,1730002379999,67926.3152,227,300.8,1053.2634,0
1730002380000,3.501,3.501,3.500,3.500,3588.3,1730002439999,12560.6954,68,1645.4,5760.5454,0
1730002440000,3.500,3.501,3.500,3.500,6460.6,1730002499999,22613.0447,142,944.7,3307.3947,0
1730002500000,3.500,3.504,3.500,3.501,19055.6,1730002559999,66738.1245,203,12568.8,44016.9889,0
1730002560000,3.501,3.502,3.498,3.499,29403.4,1730002619999,102901.2257,251,5396.0,18881.2089,0
1730002620000,3.499,3.501,3.498,3.499,8388.0,1730002679999,29351.1353,100,4961.6,17362.3615,0
1730002680000,3.498,3.499,3.494,3.495,13401.1,1730002739999,46853.2903,193,1907.0,6665.1535,0
1730002740000,3.496,3.496,3.493,3.493,12575.3,1730002799999,43942.9781,138,226.6,791.9936,0
1730002800000,3.493,3.494,3.492,3.493,10407.3,1730002859999,36355.2243,154,4655.3,16263.0711,0
1730002860000,3.493,3.495,3.493,3.493,13094.7,1730002919999,45758.1671,117,2389.9,8351.2058,0
1730002920000,3.493,3.494,3.488,3.488,7108.5,1730002979999,24815.8699,196,326.2,1138.4113,0
1730002980000,3.489,3.489,3.486,3.487,44978.1,1730003039999,156862.4568,248,8428.2,29397.2146,0
1730003040000,3.487,3.489,3.486,3.487,7182.6,1730003099999,25047.7777,89,4839.2,16875.2661,0
1730003100000,3.487,3.489,3.487,3.489,14827.7,1730003159999,51721.5305,80,11409.2,39801.2009,0
1730003160000,3.488,3.489,3.487,3.488,10559.6,1730003219999,36824.2532,103,4734.0,16508.0045,0
1730003220000,3.487,3.488,3.486,3.486,3344.7,1730003279999,11662.9906,44,199.1,694.2909,0
1730003280000,3.486,3.488,3.486,3.487,17086.3,1730003339999,59572.4286,487,12420.2,43306.3565,0
1730003340000,3.487,3.488,3.486,3.486,11533.0,1730003399999,40215.7569,91,616.8,2151.1791,0
1730003400000,3.487,3.487,3.479,3.480,22212.4,1730003459999,77356.5296,256,1557.4,5424.2251,0
1730003460000,3.480,3.481,3.479,3.479,26381.3,1730003519999,91806.0552,144,15809.9,55018.6972,0
1730003520000,3.479,3.481,3.479,3.480,14970.0,1730003579999,52095.0315,167,8241.7,28681.6896,0
1730003580000,3.480,3.480,3.478,3.479,6889.0,1730003639999,23966.6265,97,3541.5,12320.9654,0
1730003640000,3.480,3.486,3.478,3.485,23645.1,1730003699999,82307.8701,204,21304.8,74165.9016,0
1730003700000,3.486,3.486,3.484,3.485,12057.4,1730003759999,42029.0858,127,5848.2,20386.3110,0
1730003760000,3.485,3.486,3.484,3.485,5597.0,1730003819999,19505.2349,95,1279.1,4457.6824,0
1730003820000,3.485,3.485,3.480,3.480,7806.1,1730003879999,27189.0251,152,1245.1,4336.3272,0
1730003880000,3.480,3.481,3.478,3.480,3887.4,1730003939999,13526.2901,104,807.6,2809.7316,0
1730003940000,3.479,3.481,3.479,3.480,4113.1,1730003999999,14315.4806,64,3703.5,12890.0841,0
1730004000000,3.480,3.481,3.479,3.479,3102.5,1730004059999,10797.2457,91,560.5,1951.1005,0
1730004060000,3.479,3.482,3.479,3.481,9301.0,1730004119999,32369.0564,104,2725.9,9487.8086,0
1730004120000,3.481,3.483,3.480,3.482,6499.5,1730004179999,22627.4439,128,2414.8,8408.1005,0
1730004180000,3.482,3.482,3.480,3.480,5076.3,1730004239999,17673.9896,130,2059.1,7169.7602,0
1730004240000,3.480,3.482,3.480,3.482,589.4,1730004299999,2051.9669,45,460.3,1602.6417,0
1730004300000,3.482,3.483,3.480,3.480,5128.0,1730004359999,17853.1595,152,1481.0,5156.8829,0
1730004360000,3.481,3.485,3.481,3.484,8523.0,1730004419999,29687.1459,114,6452.0,22471.9436,0
1730004420000,3.483,3.484,3.481,3.483,6286.3,1730004479999,21892.9389,97,505.6,1761.0230,0
1730004480000,3.484,3.486,3.483,3.485,4386.1,1730004539999,15284.2789,74,4340.2,15124.3580,0
1730004540000,3.485,3.486,3.484,3.484,2404.2,1730004599999,8378.4029,67,104.0,362.5368,0
1730004600000,3.484,3.485,3.481,3.483,5455.4,1730004659999,18998.0499,118,788.9,2747.3096,0
1730004660000,3.482,3.483,3.481,3.481,1317.8,1730004719999,4588.5799,58,699.6,2436.0250,0
1730004720000,3.481,3.483,3.481,3.483,2731.5,1730004779999,9512.9105,55,2611.2,9094.0524,0
1730004780000,3.482,3.485,3.482,3.482,3491.7,1730004839999,12162.9254,100,1920.2,6689.1312,0
1730004840000,3.482,3.484,3.482,3.483,1892.8,1730004899999,6591.8575,57,910.7,3172.1548,0
1730004900000,3.484,3.484,3.483,3.483,1050.9,1730004959999,3660.9185,40,633.8,2208.1592,0
1730004960000,3.483,3.484,3.483,3.484,546.4,1730005019999,1903.6093,23,498.1,1735.3804,0
1730005020000,3.483,3.484,3.482,3.483,2955.1,1730005079999,10292.5719,50,33.9,118.0787,0
1730005080000,3.482,3.483,3.481,3.481,2911.3,1730005139999,10138.1557,54,1188.7,4140.1445,0
1730005140000,3.482,3.482,3.478,3.480,18897.7,1730005199999,65752.0703,147,5292.1,18412.0023,0
1730005200000,3.480,3.482,3.479,3.481,8187.1,1730005259999,28494.1090,186,4949.0,17225.3378,0
1730005260000,3.481,3.481,3.478,3.479,2144.5,1730005319999,7461.6701,105,448.1,1559.0107,0
1730005320000,3.479,3.482,3.479,3.482,4394.9,1730005379999,15297.7679,77,4343.5,15118.9049,0
1730005380000,3.481,3.483,3.481,3.482,8794.3,1730005439999,30621.2410,103,1549.0,5393.7384,0
1730005440000,3.482,3.483,3.481,3.482,1781.4,1730005499999,6202.9343,57,578.8,2015.4981,0
1730005500000,3.482,3.484,3.482,3.483,6573.9,1730005559999,22896.5520,92,4733.7,16488.0705,0
1730005560000,3.482,3.485,3.482,3.485,17280.9,1730005619999,60200.3667,145,15855.0,55234.0730,0
1730005620000,3.484,3.484,3.483,3.483,6235.9,1730005679999,21720.8063,60,1005.4,3502.8136,0
1730005680000,3.483,3.484,3.481,3.482,2832.7,1730005739999,9864.3127,81,965.3,3361.4534,0
1730005740000,3.483,3.483,3.482,3.482,376.1,1730005799999,1309.8549,30,274.7,956.7801,0
1730005800000,3.482,3.483,3.478,3.478,5078.3,1730005859999,17677.1601,123,68.1,237.1004,0
1730005860000,3.478,3.480,3.477,3.479,2907.4,1730005919999,10111.7780,61,1302.3,4529.6338,0
1730005920000,3.479,3.483,3.479,3.482,6062.4,1730005979999,21104.7411,91,4924.8,17143.7268,0
1730005980000,3.481,3.484,3.481,3.483,1359.0,1730006039999,4733.1174,59,897.7,3126.5343,0
1730006040000,3.483,3.484,3.482,3.483,2753.5,1730006099999,9590.4083,54,2310.9,8048.8966,0
1730006100000,3.483,3.484,3.480,3.481,4221.9,1730006159999,14699.9625,98,154.0,536.1512,0
1730006160000,3.481,3.482,3.480,3.480,1223.9,1730006219999,4260.3642,59,289.3,1007.0699,0
1730006220000,3.481,3.482,3.480,3.482,1142.4,1730006279999,3977.3711,44,689.1,2399.0367,0
1730006280000,3.481,3.483,3.481,3.482,1185.6,1730006339999,4128.3510,65,525.3,1829.1944,0
1730006340000,3.482,3.483,3.481,3.482,7392.3,1730006399999,25741.8311,60,7011.5,24415.9453,0
1730006400000,3.482,3.482,3.478,3.479,3093.4,1730006459999,10765.1648,76,1018.2,3542.3880,0
1730006460000,3.480,3.480,3.479,3.480,596.0,1730006519999,2073.9890,32,505.0,1757.4000,0
1730006520000,3.479,3.479,3.478,3.478,5929.2,1730006579999,20626.5302,57,4569.0,15895.5510,0
1730006580000,3.478,3.478,3.476,3.477,7695.1,1730006639999,26756.2934,56,4999.4,17383.3734,0
1730006640000,3.476,3.478,3.476,3.478,2587.8,1730006699999,8996.0456,36,831.2,2890.1040,0
1730006700000,3.477,3.480,3.477,3.480,2585.8,1730006759999,8994.0680,40,2348.3,8168.2805,0
1730006760000,3.479,3.480,3.474,3.476,3866.2,1730006819999,13439.2447,103,73.4,255.3624,0
1730006820000,3.476,3.479,3.475,3.479,6490.8,1730006879999,22564.0833,54,6328.2,21998.9190,0
1730006880000,3.478,3.478,3.476,3.478,5692.4,1730006939999,19792.7919,66,70.5,245.1605,0
1730006940000,3.478,3.478,3.476,3.477,936.1,1730006999999,3255.1473,47,489.4,1701.9732,0
1730007000000,3.477,3.478,3.476,3.478,667.5,1730007059999,2321.1824,38,553.9,1926.3088,0
1730007060000,3.477,3.479,3.476,3.479,2019.8,1730007119999,7023.2638,61,1430.6,4974.7345,0
1730007120000,3.479,3.479,3.477,3.477,5953.7,1730007179999,20708.0730,67,4958.6,17247.1345,0
1730007180000,3.478,3.479,3.478,3.478,426.8,1730007239999,1484.4724,17,369.7,1285.8786,0
1730007240000,3.479,3.479,3.478,3.479,187.9,1730007299999,653.6421,24,125.9,438.0061,0
1730007300000,3.478,3.478,3.475,3.477,6566.9,1730007359999,22832.2854,119,1047.0,3639.4719,0
1730007360000,3.477,3.478,3.476,3.478,2392.0,1730007419999,8316.8720,42,2161.6,7515.9313,0
1730007420000,3.477,3.482,3.477,3.482,7080.9,1730007479999,24642.8875,101,6951.4,24192.5192,0
1730007480000,3.481,3.482,3.481,3.482,6532.4,1730007539999,22739.5128,86,361.7,1259.3061,0
1730007540000,3.482,3.483,3.482,3.483,2065.1,1730007599999,7191.0607,64,987.5,3438.8575,0
1730007600000,3.483,3.484,3.482,3.483,1079.8,1730007659999,3760.8467,42,778.1,2710.1734,0
1730007660000,3.483,3.485,3.483,3.485,1617.2,1730007719999,5634.2653,44,1464.3,5101.6450,0
1730007720000,3.485,3.485,3.483,3.484,6152.7,1730007779999,21435.9284,92,187.5,653.3438,0
1730007780000,3.485,3.485,3.483,3.483,3872.9,1730007839999,13491.2203,95,3.2,11.1520,0
1730007840000,3.484,3.484,3.483,3.484,312.6,1730007899999,1088.9296,26,143.8,500.9992,0
1730007900000,3.483,3.486,3.482,3.485,4995.1,1730007959999,17403.3224,106,2029.3,7069.9053,0
1730007960000,3.485,3.486,3.485,3.486,1920.2,1730008019999,6693.7028,33,1805.8,6295.0188,0
1730008020000,3.486,3.486,3.482,3.482,22019.0,1730008079999,76695.5575,118,329.1,1146.9733,0
1730008080000,3.482,3.484,3.482,3.483,1609.0,1730008139999,5604.5745,41,1521.3,5299.1926,0
1730008140000,3.483,3.484,3.482,3.484,1854.2,1730008199999,6458.1277,71,1184.5,4125.6166,0
1730008200000,3.483,3.484,3.481,3.481,1534.8,1730008259999,5344.6749,80,68.3,237.9540,0
1730008260000,3.480,3.484,3.480,3.484,6027.0,1730008319999,20980.4317,75,3219.3,11209.4880,0
1730008320000,3.483,3.484,3.482,3.483,6353.7,1730008379999,22124.5530,60,1124.3,3915.3116,0
1730008380000,3.483,3.483,3.480,3.482,2380.4,1730008439999,8287.6905,57,675.1,2350.0624,0
1730008440000,3.482,3.482,3.480,3.481,1042.9,1730008499999,3630.2613,37,854.9,2975.9333,0
1730008500000,3.481,3.482,3.480,3.481,6903.3,1730008559999,24030.4774,43,101.2,352.3716,0
1730008560000,3.481,3.482,3.480,3.481,1094.8,1730008619999,3810.9855,37,583.2,2030.1559,0
1730008620000,3.481,3.481,3.478,3.478,1974.8,1730008679999,6871.9964,79,126.1,438.8245,0
1730008680000,3.479,3.480,3.478,3.480,2296.5,1730008739999,7988.2151,29,949.0,3301.6101,0
1730008740000,3.480,3.480,3.479,3.479,207.0,1730008799999,720.2129,24,59.9,208.4520,0
1730008800000,3.479,3.480,3.476,3.476,3189.5,1730008859999,11092.1266,98,316.2,1099.9669,0
1730008860000,3.477,3.479,3.476,3.477,16847.0,1730008919999,58580.5189,159,11453.7,39828.9150,0
1730008920000,3.476,3.478,3.476,3.477,5142.6,1730008979999,17884.5437,39,4588.2,15957.2073,0
1730008980000,3.478,3.478,3.477,3.477,1756.3,1730009039999,6107.6611,40,1006.0,3498.8680,0
1730009040000,3.477,3.479,3.475,3.475,21126.7,1730009099999,73453.4118,160,3005.8,10451.3066,0
1730009100000,3.474,3.476,3.474,3.476,3696.0,1730009159999,12843.4658,45,3455.2,12006.8581,0
1730009160000,3.475,3.477,3.474,3.475,6013.3,1730009219999,20901.2218,86,3037.3,10557.9603,0
1730009220000,3.475,3.477,3.475,3.476,4096.5,1730009279999,14238.9336,82,1683.0,5850.4113,0
1730009280000,3.476,3.476,3.474,3.474,2475.7,1730009339999,8602.6606,61,200.0,695.1797,0
1730009340000,3.475,3.476,3.474,3.476,4430.1,1730009399999,15394.9553,30,1502.1,5220.2068,0
1730009400000,3.476,3.476,3.475,3.475,3775.4,1730009459999,13123.2616,79,2007.5,6978.0700,0
1730009460000,3.475,3.476,3.473,3.474,15024.2,1730009519999,52198.0806,193,3887.3,13510.0369,0
1730009520000,3.475,3.477,3.474,3.475,2649.0,1730009579999,9207.3189,97,1613.8,5609.1141,0
1730009580000,3.475,3.476,3.475,3.476,1464.5,1730009639999,5090.4633,28,1325.8,4608.4808,0
1730009640000,3.475,3.477,3.475,3.477,1992.6,1730009699999,6926.6938,51,1410.9,4904.8636,0
1730009700000,3.476,3.479,3.476,3.476,10294.9,1730009759999,35794.2646,217,4014.1,13958.8598,0
1730009760000,3.476,3.479,3.476,3.477,9321.2,1730009819999,32410.0038,91,3364.1,11697.7048,0
1730009820000,3.477,3.477,3.475,3.475,2648.2,1730009879999,9206.5110,86,134.3,466.8457,0
1730009880000,3.476,3.476,3.474,3.475,2583.1,1730009939999,8976.3761,67,1031.4,3584.2790,0
1730009940000,3.475,3.479,3.475,3.479,7384.3,1730009999999,25678.7403,72,5690.2,19791.4517,0
1730010000000,3.478,3.479,3.477,3.478,2176.3,1730010059999,7569.8254,85,1250.8,4350.9555,0
1730010060000,3.478,3.478,3.476,3.476,2254.3,1730010119999,7837.5270,55,99.7,346.7396,0
1730010120000,3.476,3.479,3.476,3.477,3217.6,1730010179999,11186.7877,68,781.1,2716.1919,0
1730010180000,3.476,3.477,3.476,3.477,234.4,1730010239999,814.9339,23,159.5,554.5815,0
1730010240000,3.477,3.479,3.476,3.479,1459.2,1730010299999,5073.8739,49,1365.2,4747.1299,0
1730010300000,3.478,3.479,3.475,3.476,2377.4,1730010359999,8266.1737,98,259.6,902.5032,0
1730010360000,3.475,3.475,3.474,3.475,5680.2,1730010419999,19737.0369,76,917.2,3186.4034,0
1730010420000,3.474,3.477,3.474,3.477,1399.0,1730010479999,4861.8356,52,1163.4,4043.2491,0
1730010480000,3.476,3.476,3.475,3.476,829.8,1730010539999,2884.3706,42,53.7,186.6612,0
1730010540000,3.476,3.477,3.476,3.476,666.4,1730010599999,2316.7243,25,614.9,2137.7103,0
1730010600000,3.476,3.476,3.475,3.475,1223.4,1730010659999,4251.8444,67,435.4,1513.0833,0
1730010660000,3.476,3.480,3.475,3.480,2394.1,1730010719999,8324.2316,95,2102.7,7311.6166,0
1730010720000,3.479,3.479,3.477,3.478,5397.0,1730010779999,18774.6218,70,11.9,41.3882,0
1730010780000,3.478,3.479,3.477,3.478,2337.8,1730010839999,8129.8225,67,418.6,1455.9699,0
1730010840000,3.477,3.478,3.475,3.476,1941.6,1730010899999,6749.9476,79,134.7,468.4770,0
1730010900000,3.475,3.478,3.475,3.476,2735.9,1730010959999,9512.4936,64,1996.9,6943.0025,0
1730010960000,3.477,3.479,3.476,3.478,2872.0,1730011019999,9987.1990,73,1822.9,6338.7174,0
1730011020000,3.478,3.478,3.473,3.473,3001.5,1730011079999,10431.0636,96,8.8,30.6006,0
1730011080000,3.474,3.475,3.472,3.473,8976.1,1730011139999,31174.7005,86,885.0,3074.4853,0
1730011140000,3.472,3.473,3.472,3.472,10110.9,1730011199999,35105.3072,116,262.4,911.3152,0
1730011200000,3.472,3.475,3.472,3.475,1998.2,1730011259999,6939.9996,50,1966.2,6828.8573,0
1730011260000,3.475,3.475,3.474,3.475,2533.0,1730011319999,8801.5451,49,904.9,3144.5275,0
1730011320000,3.474,3.474,3.470,3.472,8800.3,1730011379999,30563.7845,198,1162.3,4034.5501,0
1730011380000,3.471,3.472,3.471,3.471,2650.1,1730011439999,9198.7993,70,302.2,1049.2384,0
1730011440000,3.471,3.472,3.470,3.471,1155.1,1730011499999,4009.5570,51,455.4,1580.9121,0
1730011500000,3.471,3.473,3.470,3.472,1508.1,1730011559999,5235.7594,62,801.1,2781.2499,0
1730011560000,3.472,3.473,3.470,3.470,7980.7,1730011619999,27703.7486,95,4684.3,16262.4256,0
1730011620000,3.471,3.474,3.470,3.473,1104.8,1730011679999,3836.4589,42,755.5,2623.3553,0
1730011680000,3.473,3.474,3.472,3.472,2458.1,1730011739999,8536.1709,82,194.7,676.3836,0
1730011740000,3.472,3.473,3.471,3.472,4013.7,1730011799999,13935.6014,61,3391.3,11774.6773,0
1730011800000,3.472,3.474,3.472,3.474,711.8,1730011859999,2472.3003,24,656.5,2280.2882,0
1730011860000,3.473,3.475,3.472,3.473,12146.1,1730011919999,42187.0778,132,5207.6,18088.4985,0
1730011920000,3.473,3.474,3.473,3.474,745.9,1730011979999,2590.6853,21,174.6,606.5604,0
1730011980000,3.473,3.473,3.472,3.473,2681.7,1730012039999,9312.6610,72,1470.9,5108.4357,0
1730012040000,3.473,3.473,3.472,3.473,1668.3,1730012099999,5793.9160,23,1578.4,5481.7832,0
1730012100000,3.472,3.474,3.472,3.473,799.8,1730012159999,2777.7994,39,730.9,2538.5705,0
1730012160000,3.473,3.475,3.472,3.475,1727.8,1730012219999,6001.4786,66,207.0,719.0787,0
1730012220000,3.474,3.477,3.474,3.476,2328.1,1730012279999,8093.9448,54,2257.7,7849.3704,0
1730012280000,3.476,3.478,3.476,3.478,2591.6,1730012339999,9011.0575,47,649.2,2257.3596,0
1730012340000,3.477,3.479,3.476,3.478,4134.5,1730012399999,14377.7201,61,3455.1,12015.0812,0
1730012400000,3.478,3.478,3.476,3.476,2798.6,1730012459999,9729.3551,86,471.1,1638.3157,0
1730012460000,3.476,3.481,3.476,3.478,18082.2,1730012519999,62905.5836,157,4935.4,17164.3284,0
1730012520000,3.478,3.479,3.478,3.479,582.8,1730012579999,2027.4691,32,290.7,1011.3453,0
1730012580000,3.479,3.479,3.478,3.479,5493.0,1730012639999,19109.0150,83,3743.3,13022.8676,0
1730012640000,3.478,3.479,3.478,3.479,4106.1,1730012699999,14284.1057,68,3096.9,10774.1081,0
1730012700000,3.478,3.478,3.475,3.477,4790.9,1730012759999,16654.5063,115,759.4,2640.8404,0
1730012760000,3.477,3.480,3.477,3.479,6364.0,1730012819999,22139.3499,130,4004.9,13933.0993,0
1730012820000,3.479,3.480,3.476,3.477,4729.0,1730012879999,16442.8311,94,522.5,1816.3023,0
1730012880000,3.477,3.478,3.476,3.477,1765.3,1730012939999,6138.0610,59,837.2,2911.0982,0
1730012940000,3.477,3.478,3.475,3.477,3351.2,1730012999999,11650.9266,86,1553.0,5399.7082,0
1730013000000,3.478,3.478,3.476,3.477,3318.3,1730013059999,11539.1940,66,1524.7,5302.8566,0
1730013060000,3.477,3.481,3.477,3.481,9477.5,1730013119999,32974.1983,92,7887.4,27441.0916,0
1730013120000,3.480,3.483,3.480,3.482,6010.2,1730013179999,20924.3730,83,5689.9,19809.7184,0
1730013180000,3.483,3.485,3.482,3.484,17551.9,1730013239999,61147.5648,152,14988.4,52216.6968,0
1730013240000,3.484,3.484,3.483,3.484,1632.2,1730013299999,5686.0576,25,1105.0,3849.8200,0
1730013300000,3.484,3.484,3.480,3.481,5172.3,1730013359999,18008.1544,131,1117.4,3889.7243,0
1730013360000,3.481,3.482,3.479,3.480,3854.5,1730013419999,13416.8899,86,1919.4,6681.3984,0
1730013420000,3.481,3.481,3.480,3.480,1439.6,1730013479999,5011.0819,47,972.9,3386.6649,0
1730013480000,3.480,3.484,3.480,3.483,2227.7,1730013539999,7757.3692,61,2001.7,6970.5952,0
1730013540000,3.483,3.486,3.483,3.485,10701.1,1730013599999,37296.6831,120,9266.3,32296.5100,0
1730013600000,3.485,3.485,3.483,3.485,6207.2,1730013659999,21625.8601,79,988.2,3442.9018,0
1730013660000,3.485,3.485,3.483,3.484,2532.3,1730013719999,8823.0467,61,1937.8,6751.8118,0
1730013720000,3.485,3.485,3.483,3.483,1275.8,1730013779999,4444.4432,34,27.2,94.7742,0
1730013780000,3.483,3.484,3.483,3.484,1685.8,1730013839999,5871.7728,26,131.4,457.7976,0
1730013840000,3.483,3.485,3.482,3.484,16601.5,1730013899999,57825.6855,106,2997.8,10443.7718,0
1730013900000,3.483,3.483,3.481,3.481,2971.9,1730013959999,10347.9858,51,129.3,450.3519,0
1730013960000,3.482,3.482,3.480,3.480,943.0,1730014019999,3282.5530,26,2.2,7.6604,0
1730014020000,3.480,3.480,3.478,3.480,3644.8,1730014079999,12681.4203,85,1422.1,4947.4918,0
1730014080000,3.480,3.480,3.479,3.479,790.5,1730014139999,2750.7758,42,626.3,2179.5240,0
1730014140000,3.479,3.479,3.478,3.479,3098.9,1730014199999,10781.0545,51,2722.3,9470.8817,0
1730014200000,3.480,3.481,3.479,3.479,3872.1,1730014259999,13478.1875,73,3479.8,12113.0084,0
1730014260000,3.479,3.481,3.479,3.481,2011.4,1730014319999,6999.8183,77,714.3,2485.9495,0
1730014320000,3.481,3.481,3.479,3.479,729.2,1730014379999,2537.6358,40,54.8,190.7588,0
1730014380000,3.480,3.480,3.479,3.479,9581.8,1730014439999,33342.9118,56,897.7,3123.9960,0
1730014440000,3.480,3.480,3.479,3.479,2348.8,1730014499999,8173.6363,27,2161.1,7520.6280,0
1730014500000,3.480,3.480,3.478,3.479,3852.2,1730014559999,13401.7047,82,1750.2,6089.1869,0
1730014560000,3.480,3.481,3.480,3.481,892.6,1730014619999,3106.3834,29,742.7,2584.7314,0
1730014620000,3.480,3.481,3.479,3.480,2796.7,1730014679999,9732.5816,91,958.9,3337.1029,0
1730014680000,3.480,3.481,3.479,3.480,4097.6,1730014739999,14262.4365,57,3966.0,13804.5111,0
1730014740000,3.480,3.482,3.480,3.482,3909.1,1730014799999,13607.3693,65,3689.7,12843.8573,0
1730014800000,3.481,3.483,3.481,3.482,2231.2,1730014859999,7768.7603,47,1811.0,6306.0378,0
1730014860000,3.482,3.483,3.480,3.480,4363.3,1730014919999,15195.0079,109,2454.1,8547.6303,0
1730014920000,3.481,3.481,3.480,3.481,524.8,1730014979999,1826.8006,21,496.6,1728.6646,0
1730014980000,3.481,3.481,3.479,3.480,2988.6,1730015039999,10400.3602,76,437.1,1521.3988,0
1730015040000,3.480,3.481,3.479,3.481,1537.0,1730015099999,5349.2046,57,1274.0,4434.0585,0
1730015100000,3.480,3.481,3.478,3.481,2481.4,1730015159999,8634.5383,81,1337.3,4653.5823,0
1730015160000,3.481,3.481,3.480,3.481,352.8,1730015219999,1227.9227,31,178.7,622.0547,0
1730015220000,3.480,3.483,3.480,3.482,18960.3,1730015279999,66030.0663,105,18782.1,65409.7649,0
1730015280000,3.482,3.484,3.482,3.484,1363.8,1730015339999,4750.4601,47,1265.8,4409.2241,0
1730015340000,3.483,3.484,3.483,3.484,1670.5,1730015399999,5819.8969,41,1522.0,5302.6480,0
1730015400000,3.484,3.485,3.483,3.485,6241.3,1730015459999,21744.8216,90,1580.3,5505.9064,0
1730015460000,3.485,3.490,3.484,3.489,45495.0,1730015519999,158711.2034,268,44475.0,155153.0486,0
1730015520000,3.489,3.492,3.488,3.490,23305.1,1730015579999,81348.4479,148,20022.8,69896.0966,0
1730015580000,3.491,3.491,3.489,3.490,5579.1,1730015639999,19469.0170,56,1190.1,4153.7582,0
1730015640000,3.490,3.491,3.490,3.491,1391.4,1730015699999,4856.6378,39,651.8,2275.4338,0
1730015700000,3.490,3.490,3.488,3.489,6226.8,1730015759999,21726.4836,80,469.2,1637.0540,0
1730015760000,3.489,3.489,3.487,3.487,5578.3,1730015819999,19455.5831,63,230.8,805.2612,0
1730015820000,3.487,3.488,3.484,3.485,33809.5,1730015879999,117849.0072,180,2375.9,8281.7821,0
1730015880000,3.486,3.486,3.483,3.485,33902.6,1730015939999,118116.3301,138,3139.0,10937.5225,0
1730015940000,3.485,3.486,3.485,3.486,5571.1,1730015999999,19417.1258,41,3609.0,12579.2073,0
1730016000000,3.486,3.487,3.485,3.485,24371.2,1730016059999,84957.7552,104,4576.3,15953.1660,0
1730016060000,3.486,3.490,3.486,3.489,8978.6,1730016119999,31318.5867,130,8110.8,28291.0086,0
1730016120000,3.489,3.489,3.487,3.488,2899.1,1730016179999,10112.1678,63,147.7,515.3065,0
1730016180000,3.488,3.491,3.488,3.490,3984.0,1730016239999,13901.3720,83,3123.2,10898.0519,0
1730016240000,3.490,3.494,3.490,3.492,6840.8,1730016299999,23891.5688,136,3477.5,12144.4340,0
1730016300000,3.493,3.493,3.489,3.490,24779.3,1730016359999,86492.9896,179,302.4,1055.4840,0
1730016360000,3.490,3.492,3.489,3.492,6470.5,1730016419999,22586.0945,74,3997.6,13953.3694,0
1730016420000,3.491,3.491,3.488,3.489,9021.4,1730016479999,31482.4064,118,1065.2,3716.6419,0
1730016480000,3.489,3.489,3.487,3.487,4535.1,1730016539999,15815.9913,81,77.1,268.9616,0
1730016540000,3.486,3.490,3.486,3.488,11833.6,1730016599999,41280.2163,87,6809.9,23753.2058,0
1730016600000,3.489,3.491,3.488,3.489,3146.4,1730016659999,10978.8125,107,1429.2,4986.6048,0
1730016660000,3.488,3.489,3.488,3.488,4497.5,1730016719999,15687.3689,79,2771.5,9667.0809,0
1730016720000,3.488,3.489,3.487,3.489,4650.7,1730016779999,16221.7189,79,1133.0,3952.1603,0
1730016780000,3.489,3.490,3.487,3.488,3226.6,1730016839999,11255.9867,86,1461.7,5099.8502,0
1730016840000,3.489,3.489,3.486,3.486,4402.8,1730016899999,15354.0609,68,1317.2,4593.3682,0
1730016900000,3.487,3.488,3.486,3.486,5837.7,1730016959999,20355.9694,95,5088.6,17743.9656,0
1730016960000,3.487,3.490,3.487,3.489,3081.9,1730017019999,10750.4744,81,2192.1,7646.2252,0
1730017020000,3.488,3.494,3.487,3.494,9087.9,1730017079999,31729.9048,136,7371.1,25739.4697,0
1730017080000,3.494,3.494,3.491,3.491,5208.3,1730017139999,18192.8172,81,1795.3,6272.5828,0
1730017140000,3.492,3.494,3.491,3.491,1517.9,1730017199999,5301.3148,63,526.7,1839.4423,0
1730017200000,3.491,3.491,3.487,3.489,3745.3,1730017259999,13066.0420,84,586.9,2047.1486,0
1730017260000,3.488,3.490,3.487,3.489,17289.7,1730017319999,60332.7499,121,16488.2,57536.2637,0
1730017320000,3.490,3.490,3.487,3.488,2077.7,1730017379999,7246.8366,70,873.9,3048.1668,0
1730017380000,3.489,3.492,3.488,3.491,3661.0,1730017439999,12777.0862,80,2534.3,8844.5274,0
1730017440000,3.491,3.491,3.490,3.490,2529.5,1730017499999,8829.2264,69,1510.6,5272.8480,0
1730017500000,3.491,3.491,3.489,3.490,939.0,1730017559999,3277.1705,47,393.5,1373.3834,0
1730017560000,3.489,3.489,3.488,3.489,4673.2,1730017619999,16304.5778,92,3639.3,12697.5177,0
1730017620000,3.488,3.489,3.487,3.488,5072.4,1730017679999,17692.9466,65,1225.7,4276.1769,0
1730017680000,3.488,3.488,3.486,3.487,7893.7,1730017739999,27524.6048,96,898.8,3134.1283,0
1730017740000,3.487,3.488,3.487,3.487,5806.1,1730017799999,20248.0506,41,2805.6,9785.3071,0
1730017800000,3.488,3.489,3.486,3.489,3594.6,1730017859999,12536.9388,108,2046.7,7138.7903,0
1730017860000,3.489,3.493,3.488,3.493,2323.7,1730017919999,8109.3545,97,1625.9,5674.9668,0
1730017920000,3.493,3.494,3.491,3.492,7149.8,1730017979999,24974.3525,142,2744.3,9585.9145,0
1730017980000,3.493,3.495,3.491,3.494,17023.5,1730018039999,59475.9833,113,12909.1,45107.4033,0
1730018040000,3.493,3.495,3.493,3.494,10989.1,1730018099999,38396.5309,101,8339.3,29138.8114,0
1730018100000,3.493,3.494,3.486,3.486,24695.2,1730018159999,86176.2592,186,83.2,290.3546,0
1730018160000,3.487,3.487,3.485,3.486,22616.6,1730018219999,78836.5188,92,6819.4,23772.5277,0
1730018220000,3.486,3.487,3.485,3.485,8672.4,1730018279999,30225.1231,86,5140.8,17915.8969,0
1730018280000,3.484,3.484,3.483,3.483,6603.7,1730018339999,23006.3924,97,2797.0,9744.7480,0
1730018340000,3.484,3.486,3.484,3.486,3706.5,1730018399999,12916.9153,53,2536.6,8839.8278,0
1730018400000,3.485,3.485,3.481,3.483,25323.5,1730018459999,88192.1531,217,8430.9,29356.5929,0
1730018460000,3.482,3.485,3.482,3.485,17170.4,1730018519999,59819.3223,154,13504.9,47050.1105,0
1730018520000,3.484,3.485,3.483,3.483,4004.9,1730018579999,13952.3844,88,362.4,1262.5894,0
1730018580000,3.483,3.484,3.482,3.484,1394.5,1730018639999,4857.0172,45,1328.6,4627.5534,0
1730018640000,3.484,3.484,3.482,3.483,3435.7,1730018699999,11964.3252,65,167.4,583.2167,0
1730018700000,3.482,3.482,3.479,3.479,11123.0,1730018759999,38712.6097,135,447.1,1556.3564,0
1730018760000,3.480,3.488,3.480,3.487,16788.2,1730018819999,58467.7551,147,16300.3,56767.8209,0
1730018820000,3.487,3.488,3.485,3.487,3152.6,1730018879999,10991.6881,94,1736.3,6054.2011,0
1730018880000,3.486,3.488,3.486,3.487,9245.8,1730018939999,32244.4477,83,7849.0,27374.1560,0
1730018940000,3.486,3.488,3.486,3.488,1718.1,1730018999999,5991.6052,38,939.7,3277.5020,0
1730019000000,3.488,3.488,3.486,3.488,1243.4,1730019059999,4335.8828,62,350.5,1222.3527,0
1730019060000,3.488,3.489,3.488,3.489,8127.6,1730019119999,28351.6955,84,6935.8,24194.6971,0
1730019120000,3.489,3.490,3.488,3.490,7273.2,1730019179999,25380.4430,68,6810.6,23766.2330,0
1730019180000,3.490,3.490,3.488,3.489,2170.3,1730019239999,7572.2145,52,335.9,1172.2578,0
1730019240000,3.489,3.490,3.489,3.490,958.3,1730019299999,3343.8500,28,958.3,3343.8500,0
1730019300000,3.490,3.493,3.489,3.491,7009.7,1730019359999,24475.1213,110,5944.9,20758.0400,0
1730019360000,3.492,3.493,3.491,3.492,4701.4,1730019419999,16416.8795,63,2619.4,9146.9454,0
1730019420000,3.492,3.493,3.491,3.493,4866.3,1730019479999,16992.1449,59,2316.9,8092.1869,0
1730019480000,3.493,3.493,3.491,3.493,1961.1,1730019539999,6848.1301,58,799.7,2792.5954,0
1730019540000,3.493,3.493,3.490,3.490,6347.5,1730019599999,22160.2472,95,5214.8,18206.5237,0
1730019600000,3.489,3.489,3.485,3.485,4820.4,1730019659999,16814.8815,126,1268.4,4425.4467,0
1730019660000,3.486,3.487,3.483,3.484,6662.5,1730019719999,23214.6591,109,1415.3,4932.8089,0
1730019720000,3.484,3.485,3.481,3.484,21594.6,1730019779999,75197.8635,172,3232.3,11257.7051,0
1730019780000,3.484,3.487,3.484,3.485,8017.8,1730019839999,27946.6051,104,3812.6,13287.4031,0
1730019840000,3.485,3.485,3.480,3.480,6770.6,1730019899999,23576.1255,129,543.4,1892.1392,0
1730019900000,3.481,3.482,3.479,3.482,5863.9,1730019959999,20407.3058,96,1269.7,4419.7182,0
1730019960000,3.481,3.482,3.475,3.476,28763.4,1730020019999,100013.4131,198,5584.7,19423.3360,0
1730020020000,3.476,3.478,3.476,3.478,17317.9,1730020079999,60214.5518,84,15813.8,54984.7559,0
1730020080000,3.478,3.478,3.474,3.477,15627.9,1730020139999,54320.7922,118,9251.3,32155.9653,0
1730020140000,3.477,3.477,3.475,3.476,8895.4,1730020199999,30922.6166,128,2707.9,9414.1479,0
1730020200000,3.476,3.479,3.475,3.479,4020.2,1730020259999,13975.9481,74,1660.4,5773.2568,0
1730020260000,3.478,3.478,3.476,3.477,4970.0,1730020319999,17281.0784,96,1848.2,6426.7363,0
1730020320000,3.477,3.478,3.474,3.474,12471.2,1730020379999,43355.1970,110,4237.5,14732.4840,0
1730020380000,3.473,3.475,3.472,3.473,11420.6,1730020439999,39663.2524,114,3437.1,11939.7422,0
1730020440000,3.473,3.475,3.473,3.475,8939.6,1730020499999,31052.4699,72,4633.7,16098.0360,0
1730020500000,3.475,3.480,3.474,3.478,11048.6,1730020559999,38425.4782,160,6137.1,21347.0115,0
1730020560000,3.478,3.482,3.478,3.481,6020.6,1730020619999,20953.7665,92,3382.4,11773.4911,0
1730020620000,3.482,3.484,3.481,3.482,12288.9,1730020679999,42788.8707,129,2637.7,9185.5734,0
1730020680000,3.482,3.483,3.476,3.476,12406.5,1730020739999,43172.6396,141,2705.1,9419.1205,0
1730020740000,3.476,3.476,3.473,3.476,7441.8,1730020799999,25858.2186,131,5212.9,18112.7869,0
1730020800000,3.477,3.477,3.475,3.476,2883.4,1730020859999,10023.2103,89,1854.6,6446.6547,0
1730020860000,3.476,3.477,3.474,3.474,3473.7,1730020919999,12072.7715,85,1185.2,4119.7793,0
1730020920000,3.474,3.474,3.471,3.472,4073.3,1730020979999,14144.4945,90,1616.7,5613.1866,0
1730020980000,3.471,3.472,3.470,3.470,6155.3,1730021039999,21364.3550,103,1830.2,6352.6524,0
1730021040000,3.471,3.473,3.471,3.471,9775.3,1730021099999,33940.6234,75,8589.3,29822.9451,0
1730021100000,3.471,3.475,3.471,3.473,20159.9,1730021159999,70017.9071,138,3673.3,12757.5859,0
1730021160000,3.473,3.474,3.471,3.473,10873.9,1730021219999,37767.9917,101,9117.7,31670.0829,0
1730021220000,3.473,3.475,3.472,3.473,3133.3,1730021279999,10884.8984,84,1758.6,6109.3806,0
1730021280000,3.474,3.474,3.472,3.473,3039.3,1730021339999,10555.8043,53,773.8,2687.7257,0
1730021340000,3.473,3.473,3.470,3.471,7280.5,1730021399999,25269.7081,74,470.3,1632.4309,0
1730021400000,3.471,3.471,3.466,3.468,20857.9,1730021459999,72327.0705,195,4466.0,15488.1256,0
1730021460000,3.468,3.468,3.458,3.460,101510.3,1730021519999,351510.5364,694,27201.8,94230.1617,0
1730021520000,3.460,3.461,3.458,3.460,37479.2,1730021579999,129659.7044,260,18771.3,64946.4953,0
1730021580000,3.460,3.466,3.460,3.464,6374.0,1730021639999,22077.2245,118,3067.6,10621.8407,0
1730021640000,3.464,3.465,3.463,3.464,4080.0,1730021699999,14131.0301,82,888.2,3076.3236,0
1730021700000,3.463,3.463,3.459,3.461,8453.2,1730021759999,29253.3874,130,1566.4,5420.7534,0
1730021760000,3.461,3.466,3.460,3.465,26105.9,1730021819999,90460.0437,156,18699.6,64797.8406,0
1730021820000,3.466,3.467,3.464,3.467,19330.6,1730021879999,66997.8194,139,11148.6,38640.4459,0
1730021880000,3.467,3.469,3.466,3.467,6823.9,1730021939999,23666.9451,89,2658.2,9220.3292,0
1730021940000,3.467,3.467,3.464,3.465,6567.7,1730021999999,22758.3830,126,1772.7,6143.0572,0
1730022000000,3.465,3.466,3.463,3.463,7629.4,1730022059999,26432.1822,81,2728.4,9451.5258,0
1730022060000,3.463,3.464,3.462,3.464,1120.1,1730022119999,3879.1484,48,604.4,2093.3377,0
1730022120000,3.465,3.466,3.463,3.463,8768.3,1730022179999,30382.6916,76,1477.2,5119.4593,0
1730022180000,3.463,3.465,3.463,3.465,647.3,1730022239999,2242.2935,35,562.5,1948.5774,0
1730022240000,3.464,3.465,3.462,3.463,3237.2,1730022299999,11211.2884,60,485.6,1681.6803,0
1730022300000,3.463,3.463,3.460,3.461,7757.0,1730022359999,26849.5256,112,4391.3,15198.5435,0
1730022360000,3.461,3.468,3.460,3.466,16221.0,1730022419999,56214.1480,132,14867.9,51525.7935,0
1730022420000,3.465,3.467,3.464,3.467,4616.2,1730022479999,15996.4715,67,1581.9,5482.7592,0
1730022480000,3.466,3.467,3.465,3.465,3922.1,1730022539999,13594.3360,56,2592.8,8987.0022,0
1730022540000,3.465,3.466,3.464,3.465,1516.9,1730022599999,5255.7866,65,202.3,701.0849,0
1730022600000,3.464,3.468,3.464,3.467,20204.7,1730022659999,70023.5403,97,17231.8,59724.7031,0
1730022660000,3.466,3.468,3.465,3.466,1230.4,1730022719999,4264.9408,56,842.2,2919.3565,0
1730022720000,3.467,3.468,3.465,3.467,3074.1,1730022779999,10657.1776,67,1382.7,4793.6941,0
1730022780000,3.466,3.466,3.464,3.466,10428.5,1730022839999,36136.2532,87,8803.6,30505.7780,0
1730022840000,3.465,3.468,3.465,3.468,9615.0,1730022899999,33332.9380,72,7105.2,24632.0639,0
1730022900000,3.467,3.467,3.465,3.467,1752.2,1730022959999,6073.2362,55,342.8,1188.1448,0
1730022960000,3.468,3.470,3.467,3.469,10207.7,1730023019999,35405.9204,114,7331.1,25429.2645,0
1730023020000,3.470,3.471,3.468,3.471,13004.5,1730023079999,45131.0278,87,9861.3,34225.8064,0
1730023080000,3.471,3.473,3.470,3.470,16711.6,1730023139999,58021.0677,107,13551.9,47051.7645,0
1730023140000,3.470,3.472,3.470,3.470,2923.5,1730023199999,10147.5598,39,1583.7,5497.3534,0
1730023200000,3.470,3.473,3.470,3.472,18877.5,1730023259999,65536.8674,117,14064.6,48828.9015,0
1730023260000,3.473,3.473,3.470,3.471,2265.2,1730023319999,7863.6421,64,157.3,546.2645,0
1730023320000,3.470,3.473,3.470,3.471,5574.2,1730023379999,19354.5235,77,5063.2,17580.4047,0
1730023380000,3.471,3.472,3.469,3.472,12731.6,1730023439999,44186.8023,78,6970.7,24196.0568,0
1730023440000,3.472,3.476,3.471,3.476,33521.4,1730023499999,116449.9437,226,30959.0,107549.2007,0
1730023500000,3.475,3.475,3.473,3.474,7150.6,1730023559999,24842.6267,78,1582.2,5496.5628,0
1730023560000,3.474,3.477,3.473,3.477,17496.1,1730023619999,60805.3603,106,15710.6,54601.0425,0
1730023620000,3.477,3.478,3.477,3.477,5270.9,1730023679999,18327.7037,77,3255.8,11321.2010,0
1730023680000,3.477,3.480,3.477,3.480,6248.4,1730023739999,21737.0679,72,5037.6,17524.8752,0
1730023740000,3.479,3.480,3.478,3.478,6615.2,1730023799999,23011.5937,67,529.6,1843.0080,0
1730023800000,3.478,3.479,3.477,3.479,3111.3,1730023859999,10821.6864,61,2751.9,9572.0323,0
1730023860000,3.479,3.480,3.478,3.480,2943.0,1730023919999,10238.8816,62,2864.7,9966.5492,0
1730023920000,3.479,3.480,3.479,3.480,251.1,1730023979999,873.7684,22,191.5,666.4200,0
1730023980000,3.480,3.482,3.478,3.479,13615.8,1730024039999,47381.5931,145,7927.0,27586.8143,0
1730024040000,3.479,3.479,3.474,3.475,19805.6,1730024099999,68853.1046,131,336.2,1168.5129,0
1730024100000,3.474,3.475,3.473,3.475,11175.1,1730024159999,38825.9985,121,8660.8,30090.6339,0
1730024160000,3.475,3.476,3.473,3.473,2643.2,1730024219999,9183.2017,69,1345.9,4675.6948,0
1730024220000,3.473,3.473,3.469,3.469,4194.7,1730024279999,14558.3972,76,842.8,2924.5763,0
1730024280000,3.470,3.470,3.468,3.468,2521.9,1730024339999,8748.0788,69,1791.5,6214.7209,0
1730024340000,3.468,3.468,3.465,3.467,2223.0,1730024399999,7705.6055,81,290.4,1006.5394,0
1730024400000,3.466,3.468,3.466,3.468,4224.2,1730024459999,14645.4818,56,4133.7,14331.7897,0
1730024460000,3.467,3.468,3.463,3.463,4578.2,1730024519999,15864.1516,94,97.6,338.4768,0
1730024520000,3.464,3.464,3.462,3.462,1310.3,1730024579999,4538.2305,31,680.7,2357.9448,0
1730024580000,3.462,3.464,3.462,3.464,6523.4,1730024639999,22589.8961,79,3298.7,11423.9591,0
1730024640000,3.463,3.466,3.463,3.466,3620.8,1730024699999,12545.3879,68,2808.7,9731.5376,0
1730024700000,3.466,3.467,3.464,3.465,5798.8,1730024759999,20094.7783,87,2649.6,9181.0075,0
1730024760000,3.465,3.467,3.465,3.465,3067.1,1730024819999,10630.5314,44,864.8,2997.4072,0
1730024820000,3.466,3.469,3.465,3.469,2094.1,1730024879999,7261.1467,61,1455.7,5047.3918,0
1730024880000,3.469,3.470,3.468,3.468,5493.6,1730024939999,19055.8637,45,3796.1,13168.7209,0
1730024940000,3.469,3.469,3.468,3.468,536.9,1730024999999,1862.1042,29,135.0,468.3150,0
1730025000000,3.467,3.470,3.467,3.470,1682.2,1730025059999,5832.6456,64,756.8,2624.2734,0
1730025060000,3.470,3.473,3.469,3.471,5915.4,1730025119999,20533.4185,93,3653.7,12682.1666,0
1730025120000,3.470,3.471,3.469,3.469,3119.7,1730025179999,10826.0438,66,911.4,3163.4694,0
1730025180000,3.470,3.470,3.469,3.469,982.2,1730025239999,3407.8563,18,604.5,2097.6150,0
1730025240000,3.469,3.469,3.466,3.468,3620.2,1730025299999,12552.2871,97,1015.7,3521.8662,0
1730025300000,3.468,3.470,3.468,3.470,1242.2,1730025359999,4309.1935,65,598.4,2075.8513,0
1730025360000,3.469,3.471,3.469,3.469,1859.9,1730025419999,6453.9606,53,388.7,1348.9966,0
1730025420000,3.470,3.471,3.469,3.470,1140.2,1730025479999,3956.5037,32,110.3,382.7524,0
1730025480000,3.470,3.470,3.469,3.469,4078.7,1730025539999,14149.2312,27,220.9,766.5230,0
1730025540000,3.470,3.473,3.468,3.468,22956.5,1730025599999,79670.8599,175,9022.7,31319.2670,0
1730025600000,3.469,3.470,3.467,3.467,1951.7,1730025659999,6770.3729,55,1029.6,3571.7906,0
1730025660000,3.467,3.467,3.466,3.466,9790.0,1730025719999,33941.3343,75,4266.4,14791.6088,0
1730025720000,3.466,3.466,3.464,3.465,3295.3,1730025779999,11418.0394,64,1257.1,4356.4189,0
1730025780000,3.465,3.467,3.464,3.467,1215.3,1730025839999,4211.1649,50,876.8,3038.3540,0
1730025840000,3.466,3.466,3.463,3.464,26558.5,1730025899999,91987.4110,141,2040.8,7069.4490,0
1730025900000,3.464,3.465,3.461,3.462,11591.7,1730025959999,40136.3760,118,6363.5,22032.4053,0
1730025960000,3.463,3.466,3.463,3.465,7224.3,1730026019999,25030.4379,74,5847.5,20260.2100,0
1730026020000,3.465,3.465,3.462,3.462,8692.9,1730026079999,30107.1408,101,2893.8,10023.7754,0
1730026080000,3.463,3.465,3.462,3.464,1017.5,1730026139999,3523.7327,43,817.7,2831.8596,0
1730026140000,3.464,3.467,3.463,3.467,3046.4,1730026199999,10554.1630,84,1418.7,4915.6579,0
1730026200000,3.467,3.469,3.467,3.467,2847.3,1730026259999,9874.3734,55,2200.1,7629.8877,0
1730026260000,3.467,3.470,3.467,3.468,2953.3,1730026319999,10243.0126,62,1647.7,5714.5611,0
1730026320000,3.469,3.470,3.469,3.469,5413.4,1730026379999,18781.9210,71,3762.0,13053.1306,0
1730026380000,3.469,3.469,3.468,3.469,2344.7,1730026439999,8132.6400,44,1706.5,5919.0409,0
1730026440000,3.468,3.469,3.467,3.469,1581.5,1730026499999,5484.6293,39,1300.0,4508.4096,0
1730026500000,3.469,3.470,3.468,3.468,4384.3,1730026559999,15209.0324,43,4047.0,14039.0515,0
1730026560000,3.468,3.469,3.468,3.469,789.2,1730026619999,2737.1183,23,172.7,599.0963,0
1730026620000,3.468,3.468,3.466,3.468,6005.3,1730026679999,20821.4514,56,896.5,3108.3695,0
1730026680000,3.468,3.468,3.466,3.466,1947.5,1730026739999,6751.4494,47,900.6,3122.3843,0
1730026740000,3.465,3.467,3.465,3.466,3726.8,1730026799999,12920.1544,34,580.7,2013.0880,0
1730026800000,3.466,3.468,3.466,3.467,1839.0,1730026859999,6376.9185,80,1252.9,4344.8421,0
1730026860000,3.466,3.467,3.465,3.467,2928.6,1730026919999,10150.5815,72,1925.2,6672.8304,0
1730026920000,3.467,3.468,3.465,3.465,1292.5,1730026979999,4480.1777,60,621.6,2155.0868,0
1730026980000,3.466,3.467,3.464,3.465,14866.6,1730027039999,51525.0403,118,13583.8,47079.5310,0
1730027040000,3.466,3.466,3.462,3.465,9433.4,1730027099999,32669.3968,93,889.1,3079.4820,0
1730027100000,3.465,3.468,3.465,3.468,3168.2,1730027159999,10979.7128,66,2622.3,9088.0376,0
1730027160000,3.468,3.469,3.467,3.468,1836.7,1730027219999,6369.6484,66,249.3,864.5836,0
1730027220000,3.468,3.469,3.466,3.466,1553.4,1730027279999,5385.3626,57,357.0,1237.9800,0
1730027280000,3.466,3.467,3.464,3.467,6247.0,1730027339999,21649.9922,88,3865.9,13399.1751,0
1730027340000,3.468,3.468,3.466,3.468,6164.7,1730027399999,21371.9417,81,4355.0,15098.8453,0
1730027400000,3.468,3.468,3.466,3.468,1828.2,1730027459999,6338.3485,45,952.5,3302.3301,0
1730027460000,3.468,3.470,3.467,3.470,4302.3,1730027519999,14925.6060,54,2632.1,9131.7006,0
1730027520000,3.469,3.473,3.469,3.473,23835.1,1730027579999,82731.8027,112,18888.9,65560.5721,0
1730027580000,3.472,3.475,3.472,3.475,2320.8,1730027639999,8060.3752,41,1474.3,5121.3124,0
1730027640000,3.474,3.475,3.473,3.475,4260.0,1730027699999,14797.6688,72,1229.3,4270.4819,0
1730027700000,3.474,3.475,3.473,3.475,3259.7,1730027759999,11325.3634,85,574.4,1995.6731,0
1730027760000,3.475,3.476,3.474,3.476,4397.7,1730027819999,15283.4843,53,4003.9,13915.0396,0
1730027820000,3.476,3.478,3.475,3.478,3296.1,1730027879999,11459.4498,63,2173.4,7556.9253,0
1730027880000,3.478,3.478,3.476,3.477,16415.7,1730027939999,57070.4080,112,2059.3,7160.5590,0
1730027940000,3.478,3.481,3.477,3.480,15620.3,1730027999999,54355.7877,149,6933.9,24133.7104,0
1730028000000,3.480,3.481,3.479,3.480,6383.2,1730028059999,22212.3129,70,4233.6,14733.0121,0
1730028060000,3.480,3.482,3.479,3.482,2887.2,1730028119999,10049.9312,72,2238.0,7790.1574,0
1730028120000,3.481,3.482,3.478,3.479,2363.2,1730028179999,8224.2636,66,170.4,593.0889,0
1730028180000,3.479,3.480,3.477,3.477,2630.0,1730028239999,9149.1619,57,1252.9,4358.8427,0
1730028240000,3.477,3.478,3.476,3.476,1155.0,1730028299999,4016.0749,21,185.5,645.1604,0
1730028300000,3.477,3.477,3.474,3.475,6432.8,1730028359999,22353.4885,108,1539.0,5348.1320,0
1730028360000,3.475,3.477,3.475,3.476,2482.1,1730028419999,8629.3048,58,1643.5,5714.3368,0
1730028420000,3.477,3.477,3.476,3.477,3939.9,1730028479999,13698.9620,39,3869.6,13454.5992,0
1730028480000,3.477,3.477,3.476,3.477,250.0,1730028539999,869.2250,8,225.0,782.3250,0
1730028540000,3.477,3.477,3.476,3.476,3375.3,1730028599999,11735.9123,39,2455.8,8538.8166,0
1730028600000,3.477,3.478,3.476,3.478,1519.4,1730028659999,5283.1902,60,949.5,3301.7113,0
1730028660000,3.478,3.478,3.477,3.477,1290.3,1730028719999,4486.4225,45,107.1,372.4361,0
1730028720000,3.477,3.479,3.477,3.478,7026.0,1730028779999,24439.7825,51,6943.1,24151.4811,0
1730028780000,3.477,3.478,3.474,3.477,34913.8,1730028839999,121326.8763,183,6350.7,22076.9319,0
1730028840000,3.476,3.476,3.473,3.474,3200.5,1730028899999,11120.4436,69,535.3,1859.8038,0
1730028900000,3.474,3.479,3.474,3.478,3246.6,1730028959999,11288.2715,67,1868.8,6496.5639,0
1730028960000,3.477,3.478,3.477,3.478,2665.5,1730029019999,9268.8830,69,947.1,3293.7162,0
1730029020000,3.477,3.477,3.475,3.476,9275.5,1730029079999,32241.1513,86,682.4,2372.0426,0
1730029080000,3.476,3.479,3.475,3.479,8489.1,1730029139999,29515.8318,71,8454.9,29396.9324,0
1730029140000,3.478,3.479,3.478,3.478,1208.5,1730029199999,4203.2289,26,65.9,229.2661,0
1730029200000,3.479,3.479,3.475,3.475,6824.9,1730029259999,23731.1607,99,1332.1,4632.0125,0
1730029260000,3.476,3.477,3.475,3.477,6361.6,1730029319999,22114.5298,71,6321.3,21974.4856,0
1730029320000,3.477,3.478,3.476,3.476,5906.9,1730029379999,20535.6194,98,2750.7,9564.3503,0
1730029380000,3.476,3.476,3.475,3.475,3918.3,1730029439999,13619.6456,53,3553.1,12350.5756,0
1730029440000,3.476,3.478,3.475,3.477,6164.5,1730029499999,21431.9126,83,6013.0,20905.3254,0
1730029500000,3.478,3.479,3.477,3.478,4382.9,1730029559999,15245.3925,78,3852.4,13400.3473,0
1730029560000,3.478,3.479,3.475,3.476,14193.7,1730029619999,49355.1902,121,10444.4,36325.1322,0
1730029620000,3.476,3.476,3.475,3.475,4606.3,1730029679999,16009.9460,45,3053.5,10613.9660,0
1730029680000,3.476,3.476,3.473,3.473,2235.8,1730029739999,7768.2752,59,493.5,1715.3863,0
1730029740000,3.474,3.474,3.472,3.473,8148.0,1730029799999,28298.1720,54,7074.9,24571.2994,0
1730029800000,3.472,3.473,3.472,3.472,7700.0,1730029859999,26740.1971,77,1234.9,4288.8077,0
1730029860000,3.472,3.472,3.471,3.472,2170.7,1730029919999,7536.2460,46,1746.3,6063.1536,0
1730029920000,3.472,3.473,3.471,3.473,8066.9,1730029979999,28007.3416,74,6665.9,23144.2435,0
1730029980000,3.472,3.475,3.472,3.474,674.6,1730030039999,2343.2585,37,522.9,1816.2799,0
1730030040000,3.474,3.476,3.474,3.475,2926.4,1730030099999,10167.7304,51,951.2,3305.4451,0
1730030100000,3.474,3.474,3.472,3.472,1273.7,1730030159999,4423.6299,46,216.0,750.3484,0
1730030160000,3.473,3.474,3.473,3.473,2050.4,1730030219999,7121.2499,32,1977.4,6867.7209,0
1730030220000,3.473,3.474,3.472,3.473,315.9,1730030279999,1097.0811,29,63.6,220.9217,0
1730030280000,3.472,3.474,3.472,3.473,3489.8,1730030339999,12119.9676,49,1092.8,3795.3354,0
1730030340000,3.473,3.474,3.472,3.473,4565.1,1730030399999,15851.3651,35,423.1,1469.4536,0
1730030400000,3.473,3.474,3.472,3.474,3563.9,1730030459999,12377.6524,82,1226.0,4258.1533,0
1730030460000,3.473,3.474,3.473,3.474,1023.7,1730030519999,3555.3622,25,981.7,3409.4962,0
1730030520000,3.474,3.474,3.473,3.474,469.3,1730030579999,1629.9648,23,85.9,298.4166,0
1730030580000,3.474,3.478,3.474,3.477,11312.7,1730030639999,39338.3646,81,11243.3,39097.1104,0
1730030640000,3.478,3.479,3.477,3.477,5585.2,1730030699999,19425.4500,51,4467.5,15538.8596,0
1730030700000,3.478,3.478,3.475,3.477,12032.3,1730030759999,41831.1590,115,9376.9,32598.9924,0
1730030760000,3.478,3.481,3.477,3.480,5608.7,1730030819999,19515.5531,89,4223.3,14694.9673,0
1730030820000,3.479,3.481,3.479,3.481,16480.7,1730030879999,57365.7115,108,13578.6,47265.8821,0
1730030880000,3.480,3.480,3.479,3.480,11494.2,1730030939999,39999.6718,58,10666.3,37118.7240,0
1730030940000,3.481,3.481,3.478,3.479,9332.4,1730030999999,32471.1461,100,1411.6,4913.7766,0
1730031000000,3.479,3.480,3.477,3.478,6452.5,1730031059999,22445.1854,117,3727.6,12967.1679,0
1730031060000,3.478,3.478,3.476,3.477,5329.0,1730031119999,18528.8089,96,1205.2,4190.4927,0
1730031120000,3.477,3.480,3.477,3.480,1759.1,1730031179999,6117.7383,67,1759.1,6117.7383,0
1730031180000,3.480,3.483,3.480,3.482,5954.1,1730031239999,20733.0687,71,5562.0,19368.1513,0
1730031240000,3.482,3.484,3.482,3.484,7713.6,1730031299999,26866.6178,82,7107.8,24757.2222,0
1730031300000,3.484,3.485,3.483,3.483,9574.9,1730031359999,33360.9484,98,4110.5,14323.5009,0
1730031360000,3.483,3.485,3.483,3.483,3459.0,1730031419999,12048.7896,40,592.0,2062.6308,0
1730031420000,3.484,3.486,3.483,3.483,5979.8,1730031479999,20836.1035,109,2564.1,8935.2336,0
1730031480000,3.482,3.484,3.482,3.483,7128.6,1730031539999,24829.8023,77,2787.4,9709.5668,0
1730031540000,3.483,3.484,3.483,3.483,2584.9,1730031599999,9003.8336,46,1593.6,5551.1342,0
1730031600000,3.483,3.488,3.483,3.487,12546.3,1730031659999,43720.5966,123,8280.1,28857.4568,0
1730031660000,3.487,3.494,3.487,3.493,31996.7,1730031719999,111724.4928,241,26148.6,91303.4694,0
1730031720000,3.493,3.497,3.493,3.496,19823.1,1730031779999,69286.3041,160,16128.0,56369.3329,0
1730031780000,3.496,3.496,3.490,3.494,14587.8,1730031839999,50942.2452,136,2585.5,9030.3431,0
1730031840000,3.494,3.496,3.494,3.495,10436.4,1730031899999,36467.4765,74,5515.3,19272.1247,0
1730031900000,3.495,3.497,3.494,3.495,38553.1,1730031959999,134744.8347,93,2336.4,8168.1149,0
1730031960000,3.496,3.500,3.496,3.499,23723.5,1730032019999,83000.0057,188,15934.2,55750.1479,0
1730032020000,3.497,3.497,3.492,3.495,21966.7,1730032079999,76769.4268,155,1050.1,3669.6611,0
1730032080000,3.494,3.495,3.493,3.494,17864.7,1730032139999,62419.5722,80,9916.1,34648.0301,0
1730032140000,3.494,3.495,3.494,3.494,4811.7,1730032199999,16814.5114,48,2431.6,8498.4420,0
1730032200000,3.494,3.497,3.490,3.491,91930.1,1730032259999,321148.2437,421,11821.9,41298.0031,0
1730032260000,3.492,3.498,3.492,3.496,37339.4,1730032319999,130537.5794,242,32967.5,115255.5228,0
1730032320000,3.496,3.500,3.496,3.497,12561.9,1730032379999,43940.6881,120,6019.7,21058.0009,0
1730032380000,3.497,3.498,3.495,3.497,8842.3,1730032439999,30914.8800,80,2183.8,7636.4076,0
1730032440000,3.497,3.498,3.493,3.493,9395.8,1730032499999,32833.1506,101,1927.4,6736.5411,0
1730032500000,3.492,3.494,3.490,3.491,21470.6,1730032559999,74974.4079,139,4453.9,15554.3058,0
1730032560000,3.491,3.494,3.490,3.492,23275.2,1730032619999,81267.8889,136,18654.6,65133.4663,0
1730032620000,3.492,3.494,3.490,3.492,9498.5,1730032679999,33167.6418,118,4494.6,15696.7486,0
1730032680000,3.493,3.494,3.490,3.492,8431.5,1730032739999,29442.7807,103,1526.0,5329.2625,0
1730032740000,3.492,3.493,3.491,3.491,4090.1,1730032799999,14282.5800,71,2503.8,8743.2927,0
1730032800000,3.490,3.492,3.490,3.491,6883.3,1730032859999,24024.9986,87,800.1,2793.1544,0
1730032860000,3.491,3.492,3.490,3.490,6891.8,1730032919999,24056.8149,102,5340.4,18641.6175,0
1730032920000,3.491,3.492,3.488,3.489,19373.0,1730032979999,67617.9262,138,16895.5,58973.0743,0
1730032980000,3.489,3.490,3.487,3.487,6616.4,1730033039999,23082.5313,102,1583.8,5526.5048,0
1730033040000,3.487,3.490,3.487,3.490,6137.6,1730033099999,21410.6013,106,4173.7,14562.2821,0
1730033100000,3.490,3.492,3.489,3.489,3608.0,1730033159999,12594.8679,105,2751.3,9604.4404,0
1730033160000,3.490,3.490,3.485,3.487,4801.3,1730033219999,16743.5728,112,2326.5,8112.3976,0
1730033220000,3.487,3.489,3.486,3.488,15499.2,1730033279999,54049.7963,142,6491.2,22637.7599,0
1730033280000,3.488,3.489,3.486,3.489,8602.8,1730033339999,30004.1289,83,6583.8,22963.0735,0
1730033340000,3.488,3.490,3.488,3.490,4513.6,1730033399999,15747.6811,55,1581.3,5517.2495,0
1730033400000,3.489,3.490,3.485,3.487,6559.6,1730033459999,22874.3072,97,2366.1,8251.2421,0
1730033460000,3.487,3.487,3.484,3.486,14010.8,1730033519999,48835.3468,96,1122.7,3913.0277,0
1730033520000,3.486,3.486,3.484,3.484,4555.5,1730033579999,15875.5575,59,717.0,2498.8737,0
1730033580000,3.484,3.485,3.481,3.481,10629.2,1730033639999,37010.7958,95,371.0,1292.0825,0
1730033640000,3.482,3.484,3.480,3.483,7101.7,1730033699999,24722.8345,69,4282.8,14910.7453,0
1730033700000,3.483,3.486,3.483,3.485,2440.4,1730033759999,8503.9923,61,1192.6,4156.2374,0
1730033760000,3.486,3.486,3.484,3.485,779.6,1730033819999,2716.4146,29,52.4,182.6186,0
1730033820000,3.485,3.485,3.483,3.485,3157.9,1730033879999,11002.5127,65,2688.2,9366.1450,0
1730033880000,3.484,3.486,3.484,3.485,1003.6,1730033939999,3497.2597,36,664.7,2316.4857,0
1730033940000,3.484,3.485,3.483,3.484,796.3,1730033999999,2774.3256,21,28.3,98.6165,0
1730034000000,3.484,3.487,3.483,3.487,3769.4,1730034059999,13136.9572,90,3216.3,11209.1455,0
1730034060000,3.486,3.486,3.485,3.485,1656.3,1730034119999,5773.4706,67,759.5,2647.6170,0
1730034120000,3.486,3.486,3.483,3.486,5750.3,1730034179999,20042.7559,116,4476.1,15602.4038,0
1730034180000,3.486,3.490,3.485,3.490,21092.3,1730034239999,73579.9038,177,17639.7,61536.2781,0
1730034240000,3.491,3.492,3.488,3.491,7678.9,1730034299999,26801.0973,117,1850.2,6458.4295,0
1730034300000,3.491,3.491,3.489,3.489,12186.2,1730034359999,42523.7649,139,4232.0,14769.6320,0
1730034360000,3.489,3.490,3.488,3.489,2619.7,1730034419999,9139.8865,69,1614.8,5634.0792,0
1730034420000,3.490,3.490,3.488,3.489,20617.3,1730034479999,71937.6826,167,15006.6,52362.3984,0
1730034480000,3.488,3.492,3.488,3.491,6359.3,1730034539999,22194.8201,81,5671.9,19795.2517,0
1730034540000,3.491,3.493,3.490,3.492,9403.4,1730034599999,32836.4915,108,7967.9,27824.9617,0
1730034600000,3.492,3.494,3.491,3.492,7367.8,1730034659999,25728.0252,99,3973.4,13876.2202,0
1730034660000,3.492,3.495,3.491,3.493,30419.6,1730034719999,106260.1504,151,26113.5,91221.4631,0
1730034720000,3.494,3.494,3.489,3.490,12827.7,1730034779999,44810.3303,93,2113.8,7384.8266,0
1730034780000,3.490,3.491,3.489,3.489,2657.0,1730034839999,9272.1482,82,2348.1,8194.3388,0
1730034840000,3.490,3.493,3.490,3.493,1405.9,1730034899999,4908.1290,39,1189.1,4151.4902,0
1730034900000,3.493,3.498,3.493,3.498,43931.9,1730034959999,153568.8491,240,39526.2,138168.0245,0
1730034960000,3.497,3.498,3.493,3.495,10901.3,1730035019999,38110.3988,148,5340.3,18675.9393,0
1730035020000,3.495,3.498,3.495,3.498,29908.3,1730035079999,104597.1846,127,25568.1,89419.5566,0
1730035080000,3.497,3.499,3.497,3.499,20703.8,1730035139999,72428.2311,92,12276.4,42949.2541,0
1730035140000,3.499,3.499,3.497,3.498,5914.8,1730035199999,20691.2432,58,1786.6,6250.9577,0
1730035200000,3.497,3.500,3.497,3.498,7220.9,1730035259999,25266.1895,102,4464.6,15622.2276,0
1730035260000,3.499,3.500,3.497,3.499,42606.0,1730035319999,149062.4155,180,15702.8,54952.1985,0
1730035320000,3.499,3.503,3.498,3.503,23995.8,1730035379999,84018.1898,139,13333.7,46684.3051,0
1730035380000,3.503,3.511,3.502,3.509,79020.7,1730035439999,277149.4071,419,55195.9,193573.3718,0
1730035440000,3.509,3.513,3.507,3.512,34685.8,1730035499999,121767.7176,245,26252.5,92169.0047,0
1730035500000,3.513,3.513,3.507,3.509,16953.8,1730035559999,59497.5707,171,6365.8,22341.1062,0
1730035560000,3.509,3.509,3.504,3.508,15528.4,1730035619999,54444.0407,182,3394.4,11901.6652,0
1730035620000,3.509,3.513,3.508,3.512,32252.8,1730035679999,113206.5146,185,28024.2,98366.3028,0
1730035680000,3.512,3.512,3.509,3.509,17100.7,1730035739999,60027.5747,100,3517.9,12350.3904,0
1730035740000,3.509,3.510,3.504,3.507,6694.9,1730035799999,23478.5513,127,3024.8,10606.9407,0
1730035800000,3.507,3.510,3.504,3.504,9595.2,1730035859999,33666.5757,159,6617.6,23221.3134,0
1730035860000,3.505,3.506,3.499,3.501,52588.0,1730035919999,184151.4172,303,14212.1,49784.2792,0
1730035920000,3.500,3.502,3.499,3.499,10889.1,1730035979999,38119.0195,112,7470.2,26151.5353,0
1730035980000,3.499,3.501,3.498,3.501,12919.6,1730036039999,45201.9473,119,5308.0,18575.8886,0
1730036040000,3.500,3.502,3.498,3.501,10265.1,1730036099999,35928.5681,106,6114.7,21403.4306,0
1730036100000,3.501,3.507,3.501,3.505,6466.9,1730036159999,22667.0826,108,5476.7,19196.5768,0
1730036160000,3.505,3.507,3.503,3.507,5243.8,1730036219999,18382.6299,97,4254.3,14915.7899,0
1730036220000,3.507,3.507,3.505,3.506,4175.5,1730036279999,14640.2953,81,2525.8,8856.2070,0
1730036280000,3.507,3.508,3.503,3.503,4411.2,1730036339999,15463.1849,110,2214.0,7761.6358,0
1730036340000,3.503,3.504,3.501,3.503,4173.2,1730036399999,14618.4525,109,3479.1,12187.2835,0
1730036400000,3.504,3.505,3.503,3.503,5906.7,1730036459999,20694.9398,102,3069.6,10755.8982,0
1730036460000,3.503,3.504,3.501,3.503,13815.3,1730036519999,48388.6083,136,3418.7,11976.7486,0
1730036520000,3.504,3.506,3.503,3.506,8094.7,1730036579999,28371.3709,106,5974.5,20942.5521,0
1730036580000,3.505,3.506,3.502,3.503,4429.4,1730036639999,15520.1533,110,1487.3,5211.3675,0
1730036640000,3.502,3.505,3.501,3.502,15799.6,1730036699999,55328.2323,129,2220.5,7778.7232,0
1730036700000,3.502,3.505,3.501,3.505,11700.0,1730036759999,40992.3418,151,9572.7,33540.6674,0
1730036760000,3.503,3.504,3.500,3.502,6436.1,1730036819999,22534.7890,120,2847.8,9970.8618,0
1730036820000,3.501,3.502,3.500,3.501,7207.5,1730036879999,25232.1089,109,4296.0,15041.5107,0
1730036880000,3.501,3.502,3.499,3.502,2549.0,1730036939999,8923.5620,75,1309.9,4586.2701,0
1730036940000,3.501,3.504,3.501,3.504,10066.8,1730036999999,35261.1763,113,8917.3,31235.6439,0
1730037000000,3.504,3.504,3.502,3.504,6230.1,1730037059999,21826.2144,112,3909.1,13696.7141,0
1730037060000,3.504,3.505,3.503,3.504,5844.3,1730037119999,20478.3052,75,5172.1,18123.0409,0
1730037120000,3.504,3.504,3.500,3.501,11065.9,1730037179999,38739.8658,119,1177.9,4123.8627,0
1730037180000,3.501,3.502,3.500,3.500,1823.5,1730037239999,6384.0457,42,1538.5,5386.3006,0
1730037240000,3.501,3.502,3.500,3.500,19632.0,1730037299999,68716.3733,101,1964.4,6877.6848,0
1730037300000,3.501,3.502,3.500,3.501,1951.9,1730037359999,6832.9670,57,633.4,2217.5335,0
1730037360000,3.500,3.501,3.497,3.499,19752.5,1730037419999,69106.6133,124,890.4,3114.9105,0
1730037420000,3.498,3.501,3.498,3.501,9713.4,1730037479999,33995.4743,105,5513.2,19295.9770,0
1730037480000,3.501,3.504,3.500,3.504,7681.5,1730037539999,26902.4189,89,7301.7,25572.8206,0
1730037540000,3.504,3.504,3.502,3.503,6117.7,1730037599999,21430.6288,61,471.8,1653.0826,0
1730037600000,3.503,3.506,3.503,3.505,5052.0,1730037659999,17704.9371,171,1701.3,5962.7667,0
1730037660000,3.504,3.508,3.504,3.508,9046.6,1730037719999,31713.3124,129,6039.4,21171.7621,0
1730037720000,3.508,3.508,3.504,3.505,10829.7,1730037779999,37969.2168,117,763.6,2678.1013,0
1730037780000,3.504,3.505,3.503,3.505,6612.5,1730037839999,23168.4275,96,2463.3,8631.7725,0
1730037840000,3.505,3.505,3.503,3.504,7053.8,1730037899999,24721.9207,87,6377.4,22351.9224,0
1730037900000,3.503,3.505,3.502,3.504,9953.3,1730037959999,34871.2002,117,5121.3,17944.3967,0
1730037960000,3.503,3.505,3.503,3.505,3671.2,1730038019999,12863.8518,75,2033.1,7125.0697,0
1730038020000,3.505,3.513,3.505,3.510,16833.2,1730038079999,59097.1969,187,14410.0,50589.8041,0
1730038080000,3.511,3.514,3.511,3.513,4419.4,1730038139999,15524.5084,79,1491.0,5237.8527,0
1730038140000,3.514,3.514,3.511,3.512,21900.8,1730038199999,76925.8689,154,12895.1,45295.6743,0
1730038200000,3.512,3.514,3.510,3.510,6882.4,1730038259999,24174.2596,122,4209.2,14786.9791,0
1730038260000,3.510,3.510,3.506,3.506,4417.7,1730038319999,15496.6369,76,538.8,1890.3663,0
1730038320000,3.507,3.507,3.505,3.505,7891.9,1730038379999,27669.3866,86,3580.2,12552.6060,0
1730038380000,3.505,3.507,3.505,3.506,3861.9,1730038439999,13539.8469,106,2615.5,9170.1881,0
1730038440000,3.506,3.508,3.506,3.506,3961.4,1730038499999,13890.1254,92,2117.2,7424.3341,0
1730038500000,3.506,3.509,3.505,3.509,5124.1,1730038559999,17966.5932,111,2328.2,8163.9007,0
1730038560000,3.509,3.509,3.506,3.508,4324.4,1730038619999,15167.1220,97,3220.3,11295.0197,0
1730038620000,3.508,3.511,3.507,3.510,4813.8,1730038679999,16894.1785,96,4377.6,15364.0323,0
1730038680000,3.511,3.511,3.507,3.508,6116.9,1730038739999,21465.2081,104,2923.2,10257.6875,0
1730038740000,3.507,3.508,3.506,3.507,1565.2,1730038799999,5489.3403,88,450.5,1580.3026,0
1730038800000,3.507,3.509,3.506,3.507,4170.4,1730038859999,14628.2736,132,2848.2,9990.2792,0
1730038860000,3.507,3.509,3.506,3.507,8683.2,1730038919999,30450.2665,131,705.9,2475.8410,0
1730038920000,3.507,3.511,3.507,3.510,2918.3,1730038979999,10239.7954,108,2193.3,7695.8461,0
1730038980000,3.510,3.511,3.506,3.506,8610.0,1730039039999,30204.9088,146,612.3,2148.7166,0
1730039040000,3.506,3.507,3.505,3.506,1933.1,1730039099999,6777.0626,110,235.2,824.6786,0
1730039100000,3.506,3.511,3.506,3.509,2368.2,1730039159999,8305.8811,128,1223.8,4293.1683,0
1730039160000,3.509,3.509,3.507,3.508,11659.2,1730039219999,40901.6061,127,1797.8,6307.7771,0
1730039220000,3.508,3.510,3.507,3.509,1229.7,1730039279999,4314.3598,109,595.1,2088.1803,0
1730039280000,3.509,3.511,3.508,3.510,3268.7,1730039339999,11470.8972,106,1058.8,3716.3731,0
1730039340000,3.510,3.511,3.509,3.509,776.9,1730039399999,2726.9163,86,175.7,616.7163,0
1730039400000,3.509,3.513,3.509,3.512,4496.9,1730039459999,15790.3281,148,2385.8,8378.2103,0
1730039460000,3.512,3.513,3.507,3.508,5389.8,1730039519999,18918.6792,204,705.1,2475.0898,0
1730039520000,3.509,3.509,3.505,3.507,15079.7,1730039579999,52870.1983,160,1204.7,4224.0102,0
1730039580000,3.506,3.509,3.506,3.506,7434.8,1730039639999,26078.3578,94,2135.0,7489.5013,0
1730039640000,3.505,3.509,3.505,3.509,3097.3,1730039699999,10861.3218,59,2758.7,9674.0893,0
1730039700000,3.508,3.510,3.507,3.509,1831.6,1730039759999,6425.8790,76,448.9,1575.1137,0
1730039760000,3.510,3.511,3.509,3.511,1917.0,1730039819999,6728.6819,57,1428.4,5013.7863,0
1730039820000,3.510,3.510,3.507,3.508,4511.1,1730039879999,15828.4227,113,1078.9,3784.9617,0
1730039880000,3.509,3.509,3.507,3.509,3632.2,1730039939999,12742.4564,79,972.5,3412.0792,0
1730039940000,3.509,3.512,3.509,3.512,18255.1,1730039999999,64087.8437,89,16777.6,58900.8550,0
1730040000000,3.511,3.513,3.510,3.513,8360.5,1730040059999,29359.2556,122,2361.3,8293.2412,0
1730040060000,3.513,3.513,3.511,3.512,6358.0,1730040119999,22329.4342,70,3685.8,12944.6719,0
1730040120000,3.513,3.513,3.512,3.512,1674.5,1730040179999,5881.0344,28,190.4,668.8752,0
1730040180000,3.512,3.513,3.510,3.510,3709.5,1730040239999,13026.6455,100,663.0,2328.6417,0
1730040240000,3.511,3.512,3.511,3.511,1326.7,1730040299999,4658.8523,57,718.3,2522.4806,0
1730040300000,3.511,3.512,3.510,3.511,6759.5,1730040359999,23734.8948,103,736.5,2586.3547,0
1730040360000,3.511,3.512,3.510,3.511,8256.8,1730040419999,28984.0834,103,7243.0,25425.2451,0
1730040420000,3.510,3.510,3.507,3.507,2889.7,1730040479999,10139.0175,78,471.9,1655.9328,0
1730040480000,3.508,3.509,3.506,3.508,10033.8,1730040539999,35190.0185,81,2233.6,7834.8785,0
1730040540000,3.507,3.508,3.505,3.505,1780.2,1730040599999,6241.9018,61,110.3,386.9070,0
1730040600000,3.506,3.507,3.505,3.506,1820.5,1730040659999,6382.3702,85,830.8,2912.8006,0
1730040660000,3.506,3.507,3.504,3.504,3293.1,1730040719999,11546.9083,65,2102.8,7374.1962,0
1730040720000,3.504,3.506,3.503,3.506,26836.3,1730040779999,94025.6630,110,9881.4,34629.3590,0
1730040780000,3.506,3.506,3.505,3.506,1723.9,1730040839999,6043.4565,53,795.9,2790.4254,0
1730040840000,3.506,3.506,3.505,3.506,367.1,1730040899999,1286.9255,29,240.0,841.4400,0
1730040900000,3.506,3.507,3.505,3.507,7286.7,1730040959999,25548.7095,62,6523.9,22874.6560,0
1730040960000,3.507,3.508,3.506,3.508,1892.1,1730041019999,6635.4521,49,907.9,3184.0356,0
1730041020000,3.508,3.508,3.506,3.507,431.9,1730041079999,1514.6795,47,205.1,719.3016,0
1730041080000,3.507,3.508,3.506,3.508,5148.8,1730041139999,18056.6623,104,3822.4,13405.5496,0
1730041140000,3.509,3.509,3.507,3.508,1213.0,1730041199999,4254.7085,38,100.1,351.2265,0
1730041200000,3.509,3.511,3.508,3.510,6544.1,1730041259999,22967.5793,135,4050.4,14216.8952,0
1730041260000,3.509,3.512,3.509,3.512,13358.6,1730041319999,46895.3487,119,11023.4,38697.4589,0
1730041320000,3.513,3.514,3.512,3.512,6189.6,1730041379999,21745.9331,129,2745.9,9648.7754,0
1730041380000,3.513,3.516,3.513,3.515,16127.1,1730041439999,56681.5665,141,12235.2,43004.2610,0
1730041440000,3.516,3.523,3.516,3.522,64081.9,1730041499999,225522.3018,432,54907.3,193233.6652,0
1730041500000,3.522,3.523,3.521,3.521,23265.7,1730041559999,81931.2633,149,8105.4,28551.0446,0
1730041560000,3.522,3.523,3.521,3.522,19429.2,1730041619999,68422.6579,136,6743.9,23753.3989,0
1730041620000,3.523,3.524,3.518,3.520,5720.1,1730041679999,20142.4409,133,1377.2,4850.9789,0
1730041680000,3.520,3.520,3.517,3.518,4234.4,1730041739999,14900.5917,89,2173.0,7647.0331,0
1730041740000,3.518,3.521,3.518,3.521,4064.3,1730041799999,14306.8581,96,3028.1,10659.4638,0
1730041800000,3.520,3.522,3.519,3.519,6335.7,1730041859999,22302.4507,102,3966.4,13962.8662,0
1730041860000,3.518,3.519,3.516,3.517,11270.7,1730041919999,39638.1871,109,1607.2,5655.3182,0
1730041920000,3.517,3.518,3.516,3.517,5348.4,1730041979999,18810.4545,71,3309.6,11640.0748,0
1730041980000,3.517,3.517,3.515,3.516,4432.2,1730042039999,15583.3320,101,19.3,67.8588,0
1730042040000,3.516,3.516,3.514,3.516,16574.3,1730042099999,58252.3838,93,8014.6,28171.3614,0
1730042100000,3.515,3.516,3.515,3.516,4457.7,1730042159999,15672.9546,78,2812.3,9888.0468,0
1730042160000,3.516,3.517,3.515,3.517,1957.4,1730042219999,6882.0234,43,1760.8,6190.9744,0
1730042220000,3.517,3.517,3.514,3.515,2803.5,1730042279999,9854.6422,104,800.4,2814.0313,0
1730042280000,3.515,3.517,3.515,3.517,16393.8,1730042339999,57642.1817,144,10178.5,35795.4022,0
1730042340000,3.517,3.518,3.515,3.515,1193.9,1730042399999,4198.7977,59,151.7,533.6172,0
1730042400000,3.516,3.518,3.516,3.518,6152.4,1730042459999,21633.3986,71,4771.1,16776.7193,0
1730042460000,3.518,3.520,3.517,3.520,13997.4,1730042519999,49253.7197,113,12193.0,42903.7436,0
1730042520000,3.521,3.522,3.520,3.520,7075.8,1730042579999,24916.8087,61,4581.3,16135.0733,0
1730042580000,3.520,3.520,3.518,3.518,16361.7,1730042639999,57576.1906,86,4929.2,17345.9350,0
1730042640000,3.519,3.519,3.516,3.518,56931.1,1730042699999,200296.5209,126,26942.8,94798.6856,0
1730042700000,3.518,3.521,3.517,3.519,6540.5,1730042759999,23019.4947,90,4569.9,16084.7754,0
1730042760000,3.519,3.520,3.518,3.520,3347.5,1730042819999,11779.9501,78,1714.1,6032.0383,0
1730042820000,3.520,3.520,3.518,3.519,1011.0,1730042879999,3557.8079,46,547.6,1927.1062,0
1730042880000,3.518,3.520,3.518,3.518,2759.9,1730042939999,9710.2706,41,585.7,2061.0895,0
1730042940000,3.518,3.520,3.518,3.519,1941.8,1730042999999,6831.8402,79,520.8,1832.7589,0
1730043000000,3.519,3.520,3.517,3.518,1017.2,1730043059999,3578.8347,63,91.8,323.0466,0
1730043060000,3.518,3.518,3.515,3.516,4276.2,1730043119999,15038.1511,103,1614.2,5677.7900,0
1730043120000,3.515,3.516,3.515,3.516,2685.4,1730043179999,9441.5695,83,1721.1,6051.3876,0
1730043180000,3.516,3.517,3.515,3.515,1083.1,1730043239999,3807.9462,44,181.7,638.9057,0
1730043240000,3.515,3.516,3.514,3.516,3399.1,1730043299999,11949.1319,107,1890.5,6646.5157,0
1730043300000,3.516,3.522,3.516,3.522,12000.1,1730043359999,42225.8677,128,10484.1,36889.5688,0
1730043360000,3.523,3.525,3.522,3.523,20837.2,1730043419999,73417.7019,149,15288.2,53869.7099,0
1730043420000,3.523,3.524,3.522,3.524,4834.4,1730043479999,17034.1273,80,3009.5,10603.2441,0
1730043480000,3.524,3.528,3.523,3.525,16836.0,1730043539999,59361.9506,164,8426.4,29707.3319,0
1730043540000,3.526,3.527,3.523,3.524,16454.9,1730043599999,57982.0384,123,11269.0,39705.7564,0
1730043600000,3.524,3.524,3.523,3.524,4863.6,1730043659999,17136.0613,111,4368.3,15391.1194,0
1730043660000,3.524,3.525,3.524,3.524,1600.5,1730043719999,5641.4940,33,1332.0,4695.3000,0
1730043720000,3.525,3.527,3.524,3.527,13681.2,1730043779999,48228.7304,77,13088.7,46140.2061,0
1730043780000,3.526,3.527,3.526,3.527,4474.4,1730043839999,15781.1488,73,2585.5,9119.0585,0
1730043840000,3.527,3.527,3.525,3.527,4815.7,1730043899999,16979.0958,74,1597.3,5633.1321,0
1730043900000,3.527,3.528,3.526,3.527,1722.2,1730043959999,6073.8926,81,969.3,3419.1554,0
1730043960000,3.527,3.532,3.526,3.530,20108.8,1730044019999,70966.1883,185,10638.2,37553.0573,0
1730044020000,3.529,3.530,3.527,3.529,11109.9,1730044079999,39203.0804,147,3098.9,10935.6325,0
1730044080000,3.529,3.529,3.526,3.527,2595.2,1730044139999,9153.8977,71,926.4,3268.2560,0
1730044140000,3.528,3.531,3.528,3.531,2969.1,1730044199999,10478.9764,62,1630.2,5754.1882,0
1730044200000,3.530,3.531,3.526,3.527,7124.1,1730044259999,25136.4351,119,1275.2,4500.5625,0
1730044260000,3.527,3.527,3.525,3.525,4206.0,1730044319999,14830.2641,94,1210.6,4268.7522,0
1730044320000,3.524,3.524,3.520,3.522,12533.0,1730044379999,44137.9262,187,4096.4,14425.0911,0
1730044380000,3.522,3.523,3.521,3.522,2005.8,1730044439999,7064.3556,74,1427.2,5026.8408,0
1730044440000,3.523,3.523,3.520,3.520,4266.5,1730044499999,15026.4363,80,2966.8,10449.0416,0
1730044500000,3.521,3.522,3.519,3.519,19598.6,1730044559999,68983.6312,127,2735.2,9628.3271,0
1730044560000,3.520,3.521,3.518,3.519,17482.9,1730044619999,61529.8958,113,4376.6,15404.4254,0
1730044620000,3.520,3.520,3.518,3.519,3414.1,1730044679999,12013.1756,81,441.4,1553.3937,0
1730044680000,3.520,3.522,3.519,3.522,1257.4,1730044739999,4427.1260,36,1045.2,3680.1376,0
1730044740000,3.522,3.524,3.522,3.523,1849.6,1730044799999,6516.8383,48,1452.7,5118.6191,0
1730044800000,3.523,3.527,3.522,3.527,27654.1,1730044859999,97457.6437,175,14965.4,52748.9958,0
1730044860000,3.526,3.527,3.522,3.524,14846.1,1730044919999,52318.2272,155,9246.6,32582.0923,0
1730044920000,3.525,3.528,3.524,3.528,3993.7,1730044979999,14084.1640,70,3726.8,13143.2188,0
1730044980000,3.527,3.531,3.526,3.530,9412.2,1730045039999,33203.3076,124,2513.0,8868.3550,0
1730045040000,3.530,3.530,3.527,3.528,4811.9,1730045099999,16975.7255,85,2053.0,7242.3667,0
1730045100000,3.528,3.529,3.525,3.525,4267.9,1730045159999,15055.8543,133,1050.0,3704.6993,0
1730045160000,3.526,3.530,3.525,3.529,3773.8,1730045219999,13311.6707,94,2049.7,7230.2388,0
1730045220000,3.529,3.530,3.527,3.529,7608.3,1730045279999,26845.1574,78,3994.0,14093.2015,0
1730045280000,3.530,3.530,3.528,3.530,5123.9,1730045339999,18083.9689,84,1830.7,6462.2164,0
1730045340000,3.530,3.531,3.528,3.530,4613.2,1730045399999,16279.8778,110,1960.7,6919.5502,0
1730045400000,3.530,3.530,3.527,3.528,8391.9,1730045459999,29607.8328,113,1556.7,5492.9387,0
1730045460000,3.528,3.528,3.526,3.528,4560.9,1730045519999,16087.0084,103,2792.1,9848.7329,0
1730045520000,3.528,3.530,3.527,3.529,3149.6,1730045579999,11113.0659,101,2320.4,8187.6979,0
1730045580000,3.530,3.531,3.528,3.531,3204.7,1730045639999,11308.7709,94,866.7,3058.8430,0
1730045640000,3.531,3.531,3.529,3.529,2313.7,1730045699999,8167.0481,52,975.6,3443.9707,0
1730045700000,3.529,3.533,3.529,3.533,19081.4,1730045759999,67377.3377,150,17465.5,61671.9601,0
1730045760000,3.532,3.532,3.524,3.524,12115.4,1730045819999,42748.8440,218,1892.1,6673.8178,0
1730045820000,3.525,3.527,3.521,3.521,17976.0,1730045879999,63343.4821,197,3013.4,10621.9230,0
1730045880000,3.521,3.524,3.521,3.524,16605.0,1730045939999,58492.8505,115,9973.4,35136.9088,0
1730045940000,3.524,3.526,3.524,3.526,5539.0,1730045999999,19524.7560,78,1792.3,6318.6422,0
1730046000000,3.525,3.526,3.523,3.523,8172.9,1730046059999,28803.1328,68,616.5,2173.1667,0
1730046060000,3.523,3.523,3.521,3.521,67075.2,1730046119999,236239.7885,158,4588.1,16163.8369,0
1730046120000,3.520,3.524,3.520,3.524,13969.0,1730046179999,49207.2564,136,8080.8,28468.6499,0
1730046180000,3.523,3.524,3.521,3.524,10103.9,1730046239999,35592.9624,89,3428.6,12078.6763,0
1730046240000,3.524,3.524,3.520,3.520,2099.2,1730046299999,7393.0141,80,56.4,198.7084,0
1730046300000,3.521,3.525,3.520,3.524,5177.1,1730046359999,18240.0728,81,4028.0,14191.5647,0
1730046360000,3.524,3.524,3.517,3.518,38310.3,1730046419999,134782.6203,306,1431.4,5036.1482,0
1730046420000,3.518,3.518,3.514,3.517,22522.8,1730046479999,79200.3276,237,7213.8,25370.7786,0
1730046480000,3.515,3.516,3.513,3.513,14434.6,1730046539999,50721.0682,152,4189.9,14726.7714,0
1730046540000,3.513,3.514,3.512,3.514,2846.0,1730046599999,9998.1896,97,1367.8,4805.3399,0
1730046600000,3.514,3.517,3.514,3.516,11622.5,1730046659999,40850.6544,142,9305.7,32706.5061,0
1730046660000,3.517,3.518,3.515,3.516,5634.9,1730046719999,19813.0279,141,2548.7,8961.6328,0
1730046720000,3.515,3.515,3.513,3.515,4129.3,1730046779999,14511.4465,94,1955.4,6872.4611,0
1730046780000,3.516,3.518,3.515,3.518,9721.9,1730046839999,34188.3117,122,8122.9,28564.6492,0
1730046840000,3.519,3.521,3.519,3.521,907.9,1730046899999,3195.0852,39,547.8,1927.8889,0
1730046900000,3.521,3.521,3.518,3.519,6888.4,1730046959999,24245.0225,105,592.2,2084.4720,0
1730046960000,3.520,3.520,3.516,3.517,4485.5,1730047019999,15775.4635,109,640.3,2252.0116,0
1730047020000,3.517,3.517,3.514,3.514,1900.4,1730047079999,6681.6534,68,0,0,0
1730047080000,3.514,3.517,3.514,3.516,3269.2,1730047139999,11492.5599,68,2413.2,8483.7633,0
1730047140000,3.516,3.516,3.515,3.516,3603.1,1730047199999,12667.6068,59,1341.5,4716.7140,0
1730047200000,3.516,3.524,3.516,3.520,46521.1,1730047259999,163741.4648,276,38782.8,136487.7497,0
1730047260000,3.520,3.522,3.520,3.520,7692.8,1730047319999,27086.7331,93,1969.7,6936.8386,0
1730047320000,3.521,3.524,3.521,3.523,2002.2,1730047379999,7052.2772,61,1715.4,6042.1054,0
1730047380000,3.524,3.524,3.521,3.522,5688.8,1730047439999,20041.5109,96,3056.8,10769.6211,0
1730047440000,3.523,3.524,3.523,3.524,3487.8,1730047499999,12290.8749,60,768.7,2708.8673,0
1730047500000,3.525,3.526,3.524,3.525,16035.3,1730047559999,56524.9752,137,12218.4,43071.2001,0
1730047560000,3.525,3.525,3.523,3.524,7660.4,1730047619999,26996.8670,138,2834.9,9991.5142,0
1730047620000,3.525,3.528,3.524,3.527,3891.0,1730047679999,13719.6490,126,1931.8,6810.0527,0
1730047680000,3.527,3.530,3.527,3.530,3396.9,1730047739999,11988.3086,138,2380.1,8400.0868,0
1730047740000,3.530,3.530,3.527,3.528,5631.4,1730047799999,19868.4043,143,892.3,3148.4535,0
1730047800000,3.528,3.529,3.525,3.527,7392.3,1730047859999,26072.1788,166,2794.0,9856.5147,0
1730047860000,3.527,3.527,3.525,3.525,1033.7,1730047919999,3644.8349,51,381.5,1345.1997,0
1730047920000,3.525,3.528,3.523,3.523,7308.6,1730047979999,25754.0730,134,660.2,2327.9105,0
1730047980000,3.523,3.524,3.523,3.523,2321.2,1730048039999,8178.7151,102,903.8,3184.9912,0
1730048040000,3.523,3.526,3.523,3.524,2370.9,1730048099999,8357.9976,95,1612.6,5685.1014,0
1730048100000,3.524,3.525,3.523,3.524,4485.7,1730048159999,15807.8059,114,3456.1,12179.5183,0
1730048160000,3.524,3.526,3.524,3.525,1285.3,1730048219999,4530.7291,98,944.6,3329.8336,0
1730048220000,3.525,3.526,3.524,3.525,2091.6,1730048279999,7373.2852,142,1168.2,4118.2476,0
1730048280000,3.525,3.527,3.525,3.527,1387.6,1730048339999,4892.5800,93,1228.5,4331.7497,0
1730048340000,3.526,3.527,3.525,3.525,2709.4,1730048399999,9552.2284,98,396.8,1399.4529,0
1730048400000,3.526,3.528,3.525,3.526,5980.4,1730048459999,21089.4886,180,3865.4,13630.9928,0
1730048460000,3.526,3.530,3.525,3.525,6580.3,1730048519999,23216.2109,206,2765.0,9757.8641,0
1730048520000,3.526,3.528,3.525,3.526,3895.2,1730048579999,13736.1496,129,2438.3,8598.8944,0
1730048580000,3.526,3.526,3.525,3.526,485.9,1730048639999,1713.2568,17,459.3,1619.4918,0
1730048640000,3.525,3.527,3.524,3.527,8903.4,1730048699999,31387.0847,152,6132.9,21621.5948,0
1730048700000,3.528,3.528,3.525,3.526,8522.5,1730048759999,30050.3782,94,4854.0,17115.3204,0
1730048760000,3.526,3.526,3.525,3.525,3460.8,1730048819999,12200.7842,54,1955.0,6892.4255,0
1730048820000,3.525,3.525,3.519,3.520,16615.9,1730048879999,58495.7323,111,3452.4,12154.6908,0
1730048880000,3.521,3.523,3.521,3.522,10237.5,1730048939999,36048.2704,63,8560.1,30141.2585,0
1730048940000,3.522,3.524,3.522,3.523,3452.4,1730048999999,12162.7757,46,379.4,1336.6338,0
1730049000000,3.523,3.523,3.522,3.522,936.5,1730049059999,3298.9370,44,584.0,2057.4320,0
1730049060000,3.522,3.522,3.519,3.519,3874.7,1730049119999,13639.6816,79,0.4,1.4082,0
1730049120000,3.520,3.521,3.520,3.520,3294.1,1730049179999,11596.6808,81,2891.4,10178.8408,0
1730049180000,3.521,3.522,3.520,3.520,2784.0,1730049239999,9802.2493,61,2254.7,7938.8272,0
1730049240000,3.521,3.522,3.520,3.522,1888.1,1730049299999,6646.9910,117,1518.0,5344.2390,0
1730049300000,3.521,3.523,3.520,3.521,2777.1,1730049359999,9780.4738,54,550.5,1938.7396,0
1730049360000,3.520,3.520,3.518,3.519,3754.3,1730049419999,13211.0380,70,195.1,686.6602,0
1730049420000,3.519,3.519,3.515,3.515,8606.4,1730049479999,30274.3986,89,627.5,2207.0211,0
1730049480000,3.516,3.518,3.515,3.516,16070.2,1730049539999,56500.1789,145,5317.6,18699.9503,0
1730049540000,3.516,3.516,3.515,3.516,1612.4,1730049599999,5667.6194,29,13.2,46.4112,0
1730049600000,3.515,3.516,3.510,3.512,14825.9,1730049659999,52071.2338,166,986.1,3462.5971,0
1730049660000,3.512,3.512,3.510,3.510,29395.0,1730049719999,103203.8994,148,12599.3,44240.3862,0
1730049720000,3.510,3.513,3.510,3.513,821.5,1730049779999,2884.7211,37,467.9,1643.4495,0
1730049780000,3.513,3.513,3.510,3.512,20939.2,1730049839999,73518.2203,101,10539.0,37007.8699,0
1730049840000,3.512,3.513,3.511,3.512,8616.7,1730049899999,30262.2810,68,6563.9,23052.9106,0
1730049900000,3.513,3.514,3.512,3.513,1943.7,1730049959999,6828.7871,22,1456.7,5118.3893,0
1730049960000,3.513,3.515,3.513,3.515,1752.4,1730050019999,6157.7462,45,1240.4,4358.7658,0
1730050020000,3.514,3.514,3.511,3.512,5880.7,1730050079999,20657.5232,145,1455.9,5113.1710,0
1730050080000,3.512,3.513,3.511,3.513,1183.6,1730050139999,4156.7738,83,1120.4,3934.8744,0
1730050140000,3.513,3.515,3.513,3.515,13130.0,1730050199999,46147.8119,125,11245.8,39525.3481,0
1730050200000,3.515,3.516,3.514,3.516,2276.5,1730050259999,8001.8336,114,1552.9,5458.4708,0
1730050260000,3.516,3.518,3.514,3.517,12445.6,1730050319999,43773.5011,101,11375.8,40012.5936,0
1730050320000,3.517,3.525,3.517,3.524,30419.8,1730050379999,107138.2492,252,22184.1,78133.0530,0
1730050380000,3.524,3.527,3.524,3.527,24048.9,1730050439999,84782.5956,229,16802.7,59242.0396,0
1730050440000,3.528,3.529,3.524,3.525,28958.6,1730050499999,102135.0206,260,14927.5,52663.2008,0
1730050500000,3.525,3.530,3.525,3.528,13870.6,1730050559999,48915.4897,155,10779.8,38010.2396,0
1730050560000,3.527,3.529,3.527,3.528,3684.0,1730050619999,12998.0092,121,1433.7,5058.7684,0
1730050620000,3.528,3.530,3.527,3.527,12396.5,1730050679999,43736.9526,153,7305.7,25776.5500,0
1730050680000,3.528,3.529,3.527,3.528,8797.9,1730050739999,31034.4269,127,1877.9,6625.5077,0
1730050740000,3.528,3.528,3.522,3.523,13186.1,1730050799999,46463.4995,140,939.7,3310.6206,0
1730050800000,3.523,3.524,3.522,3.522,16852.7,1730050859999,59369.5451,142,9681.9,34108.8200,0
1730050860000,3.521,3.523,3.520,3.522,22538.2,1730050919999,79360.2978,125,8149.0,28695.7898,0
1730050920000,3.521,3.523,3.521,3.521,3926.4,1730050979999,13828.5221,83,1632.0,5749.0565,0
1730050980000,3.521,3.522,3.519,3.520,4520.9,1730051039999,15914.2707,70,151.4,533.2244,0
1730051040000,3.520,3.520,3.517,3.519,7299.6,1730051099999,25677.7331,100,2708.4,9529.5672,0
1730051100000,3.519,3.520,3.518,3.518,7294.7,1730051159999,25666.3419,89,4144.0,14580.0685,0
1730051160000,3.518,3.518,3.516,3.518,7494.1,1730051219999,26361.6081,71,3461.0,12175.1351,0
1730051220000,3.518,3.519,3.515,3.515,2111.6,1730051279999,7427.9318,79,1472.9,5181.6991,0
1730051280000,3.515,3.517,3.515,3.516,6061.6,1730051339999,21317.4332,71,2153.7,7573.5885,0
1730051340000,3.516,3.518,3.516,3.518,2683.7,1730051399999,9439.9023,36,2286.2,8041.9811,0
1730051400000,3.518,3.521,3.518,3.519,2714.0,1730051459999,9551.6765,119,1791.8,6305.7016,0
1730051460000,3.519,3.519,3.518,3.519,2665.0,1730051519999,9377.6608,34,1768.7,6224.0553,0
1730051520000,3.519,3.519,3.518,3.519,5629.8,1730051579999,19807.4244,71,2030.9,7146.3780,0
1730051580000,3.518,3.520,3.518,3.520,1901.4,1730051639999,6690.0210,25,289.2,1017.9149,0
1730051640000,3.520,3.522,3.520,3.522,3601.9,1730051699999,12682.0582,42,2195.5,7730.1371,0
1730051700000,3.521,3.521,3.520,3.521,3426.8,1730051759999,12064.7554,70,178.9,629.7988,0
1730051760000,3.521,3.521,3.518,3.518,5001.0,1730051819999,17595.6507,76,37.0,130.2479,0
1730051820000,3.518,3.519,3.516,3.516,3538.0,1730051879999,12444.6207,48,354.0,1245.7011,0
1730051880000,3.517,3.517,3.515,3.516,8184.3,1730051939999,28776.7625,87,3371.9,11856.4332,0
1730051940000,3.515,3.517,3.515,3.516,8519.7,1730051999999,29954.2896,47,570.3,2005.2164,0
1730052000000,3.516,3.519,3.513,3.514,37258.9,1730052059999,130967.4870,234,12876.2,45264.5519,0
1730052060000,3.514,3.517,3.513,3.514,5214.1,1730052119999,18326.4508,95,1423.6,5003.8239,0
1730052120000,3.514,3.517,3.514,3.517,4775.9,1730052179999,16792.5157,85,2521.1,8865.4356,0
1730052180000,3.517,3.518,3.515,3.517,2487.6,1730052239999,8747.0926,70,1955.2,6874.8993,0
1730052240000,3.517,3.519,3.516,3.519,2779.2,1730052299999,9775.7127,39,2589.0,9106.6857,0
1730052300000,3.518,3.519,3.517,3.519,5829.6,1730052359999,20509.7751,61,4265.5,15006.4553,0
1730052360000,3.518,3.519,3.512,3.512,10716.6,1730052419999,37679.9995,114,626.5,2201.0960,0
1730052420000,3.512,3.516,3.511,3.514,18122.9,1730052479999,63689.0011,134,14800.0,52014.4324,0
1730052480000,3.514,3.516,3.513,3.515,2648.0,1730052539999,9305.0541,52,685.3,2408.6102,0
1730052540000,3.515,3.515,3.513,3.513,350.3,1730052599999,1230.9304,23,20.6,72.4072,0
1730052600000,3.513,3.515,3.513,3.515,3907.8,1730052659999,13733.6367,69,2286.5,8035.1524,0
1730052660000,3.514,3.515,3.513,3.513,2667.9,1730052719999,9374.6246,80,891.3,3132.1541,0
1730052720000,3.514,3.516,3.513,3.515,2584.5,1730052779999,9084.4537,49,1435.2,5044.6654,0
1730052780000,3.515,3.516,3.512,3.513,9515.7,1730052839999,33441.3283,89,140.7,494.4412,0
1730052840000,3.512,3.514,3.512,3.514,995.2,1730052899999,3496.2708,33,819.9,2880.5018,0
1730052900000,3.513,3.514,3.511,3.514,1791.6,1730052959999,6292.6359,80,621.4,2182.5343,0
1730052960000,3.514,3.514,3.510,3.510,12678.2,1730053019999,44522.9618,98,2564.9,9009.0559,0
1730053020000,3.511,3.511,3.506,3.507,23020.0,1730053079999,80770.7653,184,3449.3,12104.8982,0
1730053080000,3.508,3.512,3.508,3.511,5088.0,1730053139999,17853.0224,69,3714.4,13033.0390,0
1730053140000,3.511,3.513,3.510,3.513,8647.0,1730053199999,30363.2619,80,4605.1,16173.0435,0
1730053200000,3.513,3.516,3.512,3.515,21653.8,1730053259999,76088.0561,108,20218.6,71043.7204,0
1730053260000,3.515,3.516,3.514,3.515,4451.1,1730053319999,15646.4738,56,1125.9,3958.3986,0
1730053320000,3.514,3.518,3.514,3.515,10388.9,1730053379999,36527.0391,81,4188.4,14728.9581,0
1730053380000,3.515,3.516,3.515,3.516,7750.3,1730053439999,27249.3690,42,2119.5,7452.1620,0
1730053440000,3.516,3.517,3.515,3.516,3227.6,1730053499999,11346.3450,56,368.3,1294.8312,0
1730053500000,3.516,3.517,3.516,3.516,3512.5,1730053559999,12350.6633,35,2765.7,9724.9145,0
1730053560000,3.516,3.518,3.516,3.518,3224.3,1730053619999,11337.6838,64,2309.3,8120.5416,0
1730053620000,3.517,3.517,3.516,3.516,3398.6,1730053679999,11951.2869,57,984.9,3463.8322,0
1730053680000,3.516,3.516,3.514,3.514,5120.6,1730053739999,17997.1208,49,798.2,2806.1954,0
1730053740000,3.514,3.516,3.513,3.516,2773.5,1730053799999,9748.8564,52,2604.4,9154.6099,0
1730053800000,3.515,3.517,3.514,3.516,2377.9,1730053859999,8359.8501,69,1186.5,4171.8500,0
1730053860000,3.515,3.518,3.513,3.514,4370.1,1730053919999,15363.7508,90,3008.1,10575.7376,0
1730053920000,3.514,3.516,3.511,3.511,20669.6,1730053979999,72627.9121,129,2351.9,8266.0139,0
1730053980000,3.512,3.512,3.511,3.511,10051.9,1730054039999,35296.8575,87,5256.6,18458.9202,0
1730054040000,3.511,3.512,3.510,3.510,6284.4,1730054099999,22060.6323,137,2687.2,9433.0078,0
1730054100000,3.510,3.512,3.510,3.510,3730.8,1730054159999,13097.6044,121,1864.4,6545.9535,0
1730054160000,3.511,3.513,3.510,3.512,2187.2,1730054219999,7680.1390,101,2098.4,7368.3724,0
1730054220000,3.512,3.513,3.511,3.511,4571.3,1730054279999,16056.0893,143,1231.1,4324.8500,0
1730054280000,3.512,3.514,3.512,3.512,15147.9,1730054339999,53211.9454,146,14764.4,51864.7498,0
1730054340000,3.513,3.513,3.511,3.511,500.4,1730054399999,1757.4654,83,64.3,225.8834,0
1730054400000,3.511,3.513,3.511,3.511,2859.5,1730054459999,10042.5765,65,2320.1,8148.2162,0
1730054460000,3.511,3.512,3.509,3.511,11908.5,1730054519999,41807.4739,114,7541.7,26477.9289,0
1730054520000,3.512,3.512,3.511,3.512,1302.2,1730054579999,4572.2497,57,225.5,791.9560,0
1730054580000,3.512,3.513,3.511,3.513,3290.5,1730054639999,11555.6971,116,1684.0,5914.2540,0
1730054640000,3.513,3.513,3.511,3.512,2870.1,1730054699999,10078.3880,125,295.1,1036.4809,0
1730054700000,3.512,3.513,3.509,3.509,13016.7,1730054759999,45696.9540,177,2010.1,7059.4328,0
1730054760000,3.510,3.510,3.507,3.509,17258.3,1730054819999,60548.4771,150,5556.4,19494.8838,0
1730054820000,3.508,3.509,3.507,3.507,18271.4,1730054879999,64088.5028,143,2740.4,9614.5437,0
1730054880000,3.507,3.507,3.505,3.507,23192.2,1730054939999,81310.0713,163,3551.3,12452.0983,0
1730054940000,3.507,3.507,3.505,3.506,7677.8,1730054999999,26918.4703,92,2370.0,8309.3309,0
1730055000000,3.506,3.507,3.504,3.507,20960.2,1730055059999,73473.5601,150,11837.7,41499.6875,0
1730055060000,3.506,3.507,3.506,3.506,6531.7,1730055119999,22905.7258,48,5585.6,19588.6992,0
1730055120000,3.506,3.507,3.506,3.507,1887.0,1730055179999,6616.2628,50,440.8,1545.8856,0
1730055180000,3.507,3.508,3.505,3.505,9182.8,1730055239999,32200.4967,132,2833.8,9940.0932,0
1730055240000,3.505,3.507,3.505,3.506,10565.8,1730055299999,37037.5863,79,1014.5,3556.8597,0
1730055300000,3.506,3.509,3.506,3.508,1843.2,1730055359999,6464.7900,62,577.3,2025.1164,0
1730055360000,3.507,3.510,3.507,3.509,3238.3,1730055419999,11362.2862,40,1600.1,5613.8566,0
1730055420000,3.509,3.510,3.509,3.510,1313.2,1730055479999,4608.0580,29,39.2,137.5920,0
1730055480000,3.509,3.510,3.507,3.508,3135.5,1730055539999,11000.4022,81,355.4,1247.4482,0
1730055540000,3.508,3.508,3.507,3.508,53.6,1730055599999,188.0138,15,38.6,135.4088,0
1730055600000,3.507,3.509,3.507,3.508,4369.1,1730055659999,15325.3708,130,2712.6,9515.5636,0
1730055660000,3.508,3.510,3.507,3.510,4954.7,1730055719999,17384.0446,82,2547.9,8940.9878,0
1730055720000,3.511,3.511,3.509,3.510,2558.6,1730055779999,8980.2020,62,105.9,371.8081,0
1730055780000,3.509,3.509,3.508,3.509,3054.9,1730055839999,10718.9192,73,307.6,1079.3684,0
1730055840000,3.510,3.512,3.507,3.507,31015.1,1730055899999,108853.1160,190,888.1,3117.9403,0
1730055900000,3.507,3.509,3.504,3.505,17118.2,1730055959999,60009.7127,178,1414.2,4960.7108,0
1730055960000,3.504,3.507,3.504,3.507,17548.9,1730056019999,61531.5728,135,11428.1,40074.1412,0
1730056020000,3.507,3.508,3.507,3.507,10112.5,1730056079999,35474.5483,50,7494.2,26289.6536,0
1730056080000,3.508,3.511,3.508,3.509,3456.5,1730056139999,12131.9574,68,830.5,2914.8010,0
1730056140000,3.510,3.510,3.509,3.510,4023.4,1730056199999,14121.9779,49,2273.7,7980.6870,0
1730056200000,3.510,3.510,3.508,3.509,3640.3,1730056259999,12773.8303,66,107.4,376.9105,0
1730056260000,3.509,3.510,3.507,3.508,3342.9,1730056319999,11728.3305,80,515.8,1809.4500,0
1730056320000,3.508,3.509,3.507,3.508,7165.3,1730056379999,25131.9717,74,2550.4,8946.2645,0
1730056380000,3.508,3.509,3.506,3.506,3111.2,1730056439999,10912.5507,76,1450.5,5088.0141,0
1730056440000,3.507,3.509,3.506,3.509,5682.0,1730056499999,19932.2570,43,1515.2,5315.2468,0
1730056500000,3.508,3.509,3.507,3.509,1130.1,1730056559999,3964.7161,54,473.8,1662.4686,0
1730056560000,3.508,3.509,3.508,3.509,426.7,1730056619999,1496.9100,17,46.4,162.8176,0
1730056620000,3.509,3.512,3.509,3.511,1542.5,1730056679999,5414.3709,58,1525.7,5355.4037,0
1730056680000,3.511,3.512,3.510,3.511,2264.8,1730056739999,7952.3457,69,943.7,3313.9781,0
1730056740000,3.511,3.512,3.510,3.512,2647.4,1730056799999,9294.9252,32,2547.5,8944.2762,0
1730056800000,3.512,3.512,3.509,3.511,5290.2,1730056859999,18572.0074,69,2758.7,9686.1190,0
1730056860000,3.510,3.511,3.508,3.508,2995.3,1730056919999,10511.8399,59,335.4,1177.2671,0
1730056920000,3.508,3.509,3.505,3.505,2104.4,1730056979999,7379.0120,54,14.1,49.4697,0
1730056980000,3.506,3.506,3.504,3.504,1952.1,1730057039999,6841.2768,46,607.8,2130.3423,0
1730057040000,3.504,3.504,3.502,3.504,8711.2,1730057099999,30517.0946,118,2513.8,8806.7750,0
1730057100000,3.505,3.508,3.505,3.507,3188.3,1730057159999,11177.7809,63,3136.6,10996.5079,0
1730057160000,3.507,3.508,3.507,3.508,1302.5,1730057219999,4567.9141,47,255.3,895.3837,0
1730057220000,3.508,3.511,3.508,3.510,7117.1,1730057279999,24976.3563,61,7039.9,24705.3843,0
1730057280000,3.511,3.516,3.511,3.516,13604.7,1730057339999,47804.8404,136,13425.4,47175.3026,0
1730057340000,3.516,3.518,3.515,3.515,3651.6,1730057399999,12840.7246,66,811.6,2853.9094,0
1730057400000,3.516,3.521,3.516,3.521,17084.5,1730057459999,60103.6417,135,15788.8,55545.6614,0
1730057460000,3.521,3.523,3.519,3.522,7398.6,1730057519999,26046.5706,144,3066.5,10796.9192,0
1730057520000,3.522,3.522,3.519,3.519,3992.7,1730057579999,14056.7426,70,1318.9,4643.2934,0
1730057580000,3.519,3.520,3.517,3.520,24343.2,1730057639999,85647.0444,124,12813.7,45086.0533,0
1730057640000,3.520,3.521,3.518,3.518,2965.3,1730057699999,10437.0304,57,1714.5,6034.4607,0
1730057700000,3.519,3.519,3.514,3.514,4559.9,1730057759999,16035.6135,104,1956.8,6881.4647,0
1730057760000,3.514,3.517,3.514,3.516,8564.9,1730057819999,30106.8244,48,8546.9,30043.5364,0
1730057820000,3.517,3.520,3.516,3.519,3662.8,1730057879999,12886.0217,89,2661.6,9362.9611,0
1730057880000,3.519,3.519,3.517,3.518,4307.8,1730057939999,15155.5546,55,3631.6,12776.5292,0
1730057940000,3.519,3.519,3.517,3.517,1224.4,1730057999999,4307.4242,28,883.1,3106.7886,0
1730058000000,3.518,3.518,3.517,3.518,3870.5,1730058059999,13615.2511,73,2811.2,9889.5784,0
1730058060000,3.517,3.519,3.517,3.518,13357.3,1730058119999,46989.6830,66,12077.8,42489.2315,0
1730058120000,3.519,3.519,3.517,3.518,1168.9,1730058179999,4112.1470,56,264.4,930.1705,0
1730058180000,3.518,3.518,3.517,3.517,472.6,1730058239999,1662.5443,13,410.1,1442.7318,0
1730058240000,3.517,3.518,3.516,3.516,2703.6,1730058299999,9508.8162,68,402.7,1416.6956,0
1730058300000,3.517,3.517,3.514,3.514,2457.7,1730058359999,8639.6725,70,35.4,124.4932,0
1730058360000,3.514,3.516,3.514,3.516,4644.8,1730058419999,16326.7177,61,2734.8,9613.1506,0
1730058420000,3.516,3.518,3.516,3.517,757.1,1730058479999,2662.1982,30,756.6,2660.4397,0
1730058480000,3.517,3.518,3.517,3.517,790.0,1730058539999,2778.4654,40,44.1,155.1351,0
1730058540000,3.516,3.517,3.515,3.515,885.9,1730058599999,3114.6728,41,28.8,101.2678,0
1730058600000,3.515,3.517,3.515,3.517,2559.7,1730058659999,8999.2648,51,2553.0,8975.7009,0
1730058660000,3.517,3.517,3.515,3.515,509.3,1730058719999,1790.8601,30,0,0,0
1730058720000,3.516,3.517,3.515,3.515,2061.6,1730058779999,7248.1205,38,269.0,945.8153,0
1730058780000,3.515,3.516,3.515,3.515,790.3,1730058839999,2778.6778,26,773.3,2718.9228,0
1730058840000,3.516,3.516,3.515,3.516,68.9,1730058899999,242.2145,9,31.0,108.9960,0
1730058900000,3.515,3.516,3.515,3.515,1592.3,1730058959999,5598.5179,37,457.7,1609.2732,0
1730058960000,3.515,3.516,3.515,3.516,25.9,1730059019999,91.0474,7,8.9,31.2924,0
1730059020000,3.515,3.516,3.515,3.516,2307.0,1730059079999,8109.1473,50,701.7,2466.5178,0
1730059080000,3.516,3.517,3.516,3.516,1269.8,1730059139999,4464.6227,17,1226.7,4313.0831,0
1730059140000,3.516,3.517,3.515,3.515,866.7,1730059199999,3047.2584,33,386.0,1357.1824,0
1730059200000,3.516,3.517,3.515,3.516,1539.6,1730059259999,5413.2240,77,1046.8,3680.7507,0
1730059260000,3.517,3.518,3.515,3.515,3078.4,1730059319999,10825.4171,82,979.1,3443.5028,0
1730059320000,3.516,3.517,3.515,3.515,2547.8,1730059379999,8958.0723,46,270.6,951.4461,0
1730059380000,3.516,3.516,3.515,3.516,951.1,1730059439999,3343.9669,11,850.4,2990.0064,0
1730059440000,3.515,3.518,3.515,3.518,5278.9,1730059499999,18565.3131,58,4783.0,16821.5069,0
1730059500000,3.518,3.518,3.511,3.512,11818.7,1730059559999,41534.0602,184,36.9,129.7486,0
1730059560000,3.512,3.513,3.511,3.513,2080.0,1730059619999,7304.6640,49,1781.0,6254.8750,0
1730059620000,3.512,3.514,3.511,3.513,5066.0,1730059679999,17794.6141,70,1613.3,5667.0834,0
1730059680000,3.513,3.514,3.511,3.512,3195.7,1730059739999,11222.1443,68,758.5,2663.8874,0
1730059740000,3.513,3.513,3.512,3.512,52.6,1730059799999,184.7602,8,29.0,101.8770,0
1730059800000,3.512,3.515,3.512,3.514,954.4,1730059859999,3352.8951,55,822.7,2890.2723,0
1730059860000,3.514,3.514,3.512,3.513,3986.2,1730059919999,14002.5392,85,744.2,2613.7241,0
1730059920000,3.513,3.513,3.512,3.512,1710.4,1730059979999,6007.0162,46,91.4,321.0882,0
1730059980000,3.511,3.513,3.511,3.513,455.7,1730060039999,1600.4379,16,437.1,1535.1176,0
1730060040000,3.512,3.512,3.511,3.512,5370.4,1730060099999,18856.8760,82,1025.0,3598.7863,0
1730060100000,3.511,3.512,3.511,3.512,1280.8,1730060159999,4498.1331,13,1244.3,4369.9816,0
1730060160000,3.512,3.513,3.510,3.513,11656.8,1730060219999,40937.5335,118,10853.3,38116.2509,0
1730060220000,3.513,3.515,3.512,3.512,2062.5,1730060279999,7246.1593,62,523.0,1837.6413,0
1730060280000,3.513,3.513,3.512,3.512,1075.0,1730060339999,3775.4140,35,181.8,638.4956,0
1730060340000,3.512,3.514,3.511,3.512,2832.6,1730060399999,9949.3734,56,2565.1,9009.6706,0
1730060400000,3.512,3.515,3.512,3.514,4026.6,1730060459999,14146.6116,37,3762.0,13217.0944,0
1730060460000,3.514,3.516,3.514,3.516,1081.9,1730060519999,3802.9410,34,989.8,3479.2845,0
1730060520000,3.515,3.517,3.515,3.516,7719.2,1730060579999,27141.7936,53,7221.8,25392.9611,0
1730060580000,3.515,3.515,3.513,3.514,5380.5,1730060639999,18905.9225,68,2996.4,10528.9809,0
1730060640000,3.515,3.516,3.515,3.516,895.0,1730060699999,3146.0808,20,775.3,2725.3353,0
1730060700000,3.515,3.517,3.515,3.517,512.2,1730060759999,1800.9453,26,426.1,1498.3021,0
1730060760000,3.517,3.517,3.516,3.516,692.8,1730060819999,2436.0018,33,117.0,411.4890,0
1730060820000,3.515,3.516,3.515,3.516,1417.9,1730060879999,4983.9857,48,652.5,2293.6047,0
1730060880000,3.515,3.520,3.515,3.519,1915.6,1730060939999,6738.9176,48,1784.2,6276.8973,0
1730060940000,3.519,3.520,3.519,3.519,7126.6,1730060999999,25078.5259,36,55.0,193.5655,0
1730061000000,3.520,3.522,3.520,3.522,1915.9,1730061059999,6745.2675,49,1633.3,5750.3726,0
1730061060000,3.522,3.522,3.518,3.519,33398.0,1730061119999,117557.5211,206,6128.5,21571.6698,0
1730061120000,3.520,3.520,3.515,3.517,7891.1,1730061179999,27754.2239,86,998.9,3513.2160,0
1730061180000,3.517,3.517,3.515,3.516,2749.3,1730061239999,9667.9350,63,1252.2,4403.8114,0
1730061240000,3.516,3.518,3.515,3.517,3016.2,1730061299999,10606.6573,77,453.9,1596.1992,0
1730061300000,3.517,3.520,3.517,3.519,413.1,1730061359999,1453.6131,36,314.6,1107.0048,0
1730061360000,3.519,3.522,3.519,3.521,3416.1,1730061419999,12029.2938,103,2136.9,7524.6789,0
1730061420000,3.520,3.520,3.518,3.519,1946.8,1730061479999,6851.2045,58,56.6,199.2013,0
1730061480000,3.518,3.520,3.518,3.518,2130.8,1730061539999,7498.2949,46,1773.3,6240.2722,0
1730061540000,3.518,3.519,3.518,3.518,1903.5,1730061599999,6696.8666,28,353.6,1244.3184,0
1730061600000,3.518,3.520,3.518,3.520,2097.9,1730061659999,7381.6009,44,1180.6,4154.5395,0
1730061660000,3.519,3.520,3.518,3.518,4256.0,1730061719999,14975.0877,48,71.9,253.0880,0
1730061720000,3.519,3.519,3.517,3.517,2298.5,1730061779999,8085.7383,73,1050.8,3696.7843,0
1730061780000,3.517,3.519,3.517,3.519,1089.0,1730061839999,3830.6976,31,679.3,2389.7827,0
1730061840000,3.518,3.520,3.518,3.519,2810.0,1730061899999,9888.6459,42,2196.2,7729.1198,0
1730061900000,3.519,3.520,3.518,3.520,1144.9,1730061959999,4028.9645,54,592.5,2085.1074,0
1730061960000,3.519,3.519,3.516,3.517,21235.6,1730062019999,74680.3379,142,9254.1,32545.2608,0
1730062020000,3.517,3.518,3.516,3.518,1525.7,1730062079999,5365.8428,37,1438.9,5060.6382,0
1730062080000,3.517,3.520,3.517,3.520,4759.3,1730062139999,16751.3918,64,4601.2,16195.0747,0
1730062140000,3.520,3.521,3.520,3.521,1170.2,1730062199999,4119.1300,37,218.8,770.2020,0
1730062200000,3.520,3.520,3.518,3.519,2034.2,1730062259999,7158.7683,58,399.4,1405.4964,0
1730062260000,3.519,3.519,3.517,3.518,2781.3,1730062319999,9784.4742,74,882.2,3103.6373,0
1730062320000,3.519,3.520,3.518,3.519,1713.0,1730062379999,6029.6221,42,885.6,3117.1923,0
1730062380000,3.519,3.520,3.519,3.520,103.0,1730062439999,362.5313,9,74.3,261.5360,0
1730062440000,3.520,3.520,3.518,3.520,2913.9,1730062499999,10253.8545,56,516.9,1819.0298,0
1730062500000,3.520,3.520,3.517,3.517,3609.8,1730062559999,12701.4313,42,35.0,123.1890,0
1730062560000,3.517,3.518,3.516,3.516,3133.5,1730062619999,11018.9882,28,410.6,1444.0817,0
1730062620000,3.517,3.517,3.516,3.516,133.3,1730062679999,468.7725,13,89.7,315.4749,0
1730062680000,3.516,3.517,3.516,3.516,1607.4,1730062739999,5651.6394,21,21.0,73.8570,0
1730062740000,3.517,3.518,3.516,3.518,814.5,1730062799999,2864.6390,30,810.0,2848.8170,0
1730062800000,3.518,3.518,3.517,3.517,651.8,1730062859999,2292.7558,47,456.1,1604.4789,0
1730062860000,3.516,3.517,3.515,3.517,7940.4,1730062919999,27918.9023,85,1523.8,5358.0288,0
1730062920000,3.517,3.518,3.516,3.517,6275.4,1730062979999,22075.9746,57,5963.6,20979.3944,0
1730062980000,3.518,3.518,3.517,3.518,2416.8,1730063039999,8501.2726,68,1107.5,3896.1850,0
1730063040000,3.517,3.518,3.517,3.518,3406.6,1730063099999,11983.0976,39,2085.4,7336.4372,0
1730063100000,3.518,3.523,3.518,3.523,2014.7,1730063159999,7092.3916,50,1874.3,6597.9755,0
1730063160000,3.522,3.524,3.522,3.524,7892.7,1730063219999,27806.4152,86,897.3,3161.6982,0
1730063220000,3.523,3.524,3.523,3.524,8386.0,1730063279999,29552.2597,43,6190.9,21816.7316,0
1730063280000,3.524,3.524,3.522,3.522,8010.3,1730063339999,28215.7115,93,420.4,1481.4896,0
1730063340000,3.523,3.523,3.522,3.522,2134.6,1730063399999,7518.6563,56,1273.1,4484.4533,0
1730063400000,3.522,3.524,3.522,3.524,1088.3,1730063459999,3833.9671,43,971.8,3423.6541,0
1730063460000,3.523,3.524,3.523,3.523,991.7,1730063519999,3494.5484,31,789.3,2781.4932,0
1730063520000,3.524,3.526,3.523,3.526,7312.7,1730063579999,25777.0293,158,6653.9,23454.8348,0
1730063580000,3.525,3.531,3.524,3.529,44541.2,1730063639999,157151.9821,275,40847.1,144121.8411,0
1730063640000,3.529,3.531,3.529,3.530,3309.7,1730063699999,11685.6497,41,3122.7,11025.5438,0
1730063700000,3.530,3.531,3.529,3.530,7613.1,1730063759999,26873.9171,85,381.9,1348.1877,0
1730063760000,3.530,3.530,3.528,3.528,7401.4,1730063819999,26115.8663,78,119.0,420.0060,0
1730063820000,3.529,3.529,3.528,3.528,465.0,1730063879999,1640.8595,24,339.5,1198.0955,0
1730063880000,3.529,3.531,3.528,3.531,7179.7,1730063939999,25343.2816,61,7071.6,24961.8056,0
1730063940000,3.531,3.532,3.530,3.531,9185.1,1730063999999,32439.2192,77,7548.7,26661.2451,0
1730064000000,3.531,3.531,3.530,3.531,932.2,1730064059999,3291.0769,17,410.9,1450.8879,0
1730064060000,3.530,3.532,3.530,3.532,1557.7,1730064119999,5500.1914,43,1355.3,4785.7194,0
1730064120000,3.531,3.537,3.531,3.536,39556.2,1730064179999,139820.7294,275,34842.3,123155.5186,0
1730064180000,3.536,3.539,3.536,3.538,5220.2,1730064239999,18467.2950,69,5024.2,17774.1825,0
1730064240000,3.539,3.543,3.538,3.542,22076.2,1730064299999,78182.7411,253,18181.6,64390.7769,0
1730064300000,3.543,3.544,3.542,3.543,8997.3,1730064359999,31878.4985,110,5857.9,20758.7201,0
1730064360000,3.544,3.545,3.543,3.543,8343.9,1730064419999,29573.5366,98,3945.3,13984.9712,0
1730064420000,3.543,3.545,3.543,3.545,5113.0,1730064479999,18119.3495,69,3446.8,12215.9311,0
1730064480000,3.544,3.545,3.543,3.544,4793.0,1730064539999,16986.4854,49,158.9,563.2585,0
1730064540000,3.544,3.544,3.542,3.542,7396.3,1730064599999,26205.6932,58,1244.9,4411.8852,0
1730064600000,3.543,3.544,3.541,3.542,18984.9,1730064659999,67247.9145,143,5191.8,18394.6525,0
1730064660000,3.542,3.544,3.541,3.543,6190.1,1730064719999,21925.5786,116,5333.2,18890.7925,0
1730064720000,3.544,3.545,3.543,3.544,8080.0,1730064779999,28635.6423,91,5587.8,19803.3033,0
1730064780000,3.543,3.544,3.543,3.544,3083.8,1730064839999,10928.8130,38,2909.6,10311.6224,0
1730064840000,3.544,3.544,3.543,3.544,1210.2,1730064899999,4288.1068,26,368.2,1304.9008,0
1730064900000,3.544,3.544,3.541,3.541,12185.2,1730064959999,43163.0536,115,699.5,2477.8710,0
1730064960000,3.541,3.541,3.538,3.539,17893.2,1730065019999,63329.0809,128,1603.8,5675.9466,0
1730065020000,3.539,3.539,3.536,3.538,31232.8,1730065079999,110476.7094,135,27560.1,97484.3834,0
1730065080000,3.538,3.542,3.538,3.541,14973.5,1730065139999,53009.8914,104,14523.8,51417.7583,0
1730065140000,3.541,3.542,3.541,3.541,211.8,1730065199999,750.0768,15,93.0,329.4060,0
1730065200000,3.542,3.542,3.541,3.542,5225.7,1730065259999,18505.3107,99,1107.0,3920.9940,0
1730065260000,3.542,3.542,3.541,3.541,195.7,1730065319999,693.0693,10,95.6,338.6152,0
1730065320000,3.541,3.542,3.541,3.541,1898.4,1730065379999,6722.3227,31,88.3,312.7586,0
1730065380000,3.541,3.543,3.541,3.543,4270.3,1730065439999,15124.4541,125,2994.0,10605.0758,0
1730065440000,3.543,3.544,3.543,3.543,1250.9,1730065499999,4432.6742,49,735.5,2606.6120,0
1730065500000,3.544,3.550,3.544,3.549,54680.0,1730065559999,193994.8977,494,30401.2,107862.4050,0
1730065560000,3.549,3.556,3.549,3.555,75431.5,1730065619999,268028.2441,430,60290.5,214229.4709,0
1730065620000,3.555,3.561,3.554,3.559,44017.0,1730065679999,156600.7838,463,32261.6,114803.2379,0
1730065680000,3.559,3.559,3.554,3.556,23987.3,1730065739999,85306.0551,235,4274.9,15204.5997,0
1730065740000,3.556,3.557,3.555,3.555,12843.2,1730065799999,45669.6205,134,5510.3,19597.4129,0
1730065800000,3.556,3.556,3.550,3.550,2877.4,1730065859999,10223.6324,114,304.1,1080.7040,0
1730065860000,3.550,3.550,3.548,3.549,8257.1,1730065919999,29306.1348,138,6284.5,22305.7057,0
1730065920000,3.549,3.551,3.548,3.551,18434.3,1730065979999,65443.7612,137,17933.1,63664.5542,0
1730065980000,3.550,3.551,3.547,3.547,8843.0,1730066039999,31382.6325,91,84.7,300.7135,0
1730066040000,3.547,3.549,3.547,3.547,11664.4,1730066099999,41378.0745,99,3049.7,10820.6381,0
1730066100000,3.547,3.547,3.545,3.545,3887.9,1730066159999,13787.1916,271,361.9,1283.3638,0
1730066160000,3.545,3.546,3.542,3.543,5147.3,1730066219999,18239.3772,94,76.1,269.8389,0
1730066220000,3.543,3.543,3.542,3.543,4477.5,1730066279999,15861.9178,117,2612.8,9257.1504,0
1730066280000,3.543,3.549,3.542,3.549,5276.2,1730066339999,18700.6151,116,5058.8,17930.1707,0
1730066340000,3.549,3.550,3.548,3.548,3311.7,1730066399999,11754.9742,76,1381.9,4905.7325,0
1730066400000,3.549,3.557,3.548,3.556,13421.6,1730066459999,47683.3235,239,6432.0,22843.1169,0
1730066460000,3.557,3.561,3.557,3.561,6665.3,1730066519999,23720.1052,147,2227.3,7926.6363,0
1730066520000,3.561,3.562,3.560,3.561,6078.9,1730066579999,21647.2246,117,2390.9,8514.3376,0
1730066580000,3.562,3.563,3.560,3.562,27865.8,1730066639999,99258.2341,283,16847.5,60013.6227,0
1730066640000,3.561,3.564,3.561,3.564,7372.2,1730066699999,26264.8286,144,4406.0,15697.4108,0
1730066700000,3.564,3.565,3.560,3.561,10854.6,1730066759999,38672.3311,260,4277.9,15243.2937,0
1730066760000,3.561,3.565,3.560,3.560,10011.6,1730066819999,35667.2360,134,1126.2,4013.0957,0
1730066820000,3.560,3.562,3.557,3.558,19303.2,1730066879999,68709.8414,237,7590.9,27020.6152,0
1730066880000,3.558,3.559,3.557,3.558,12432.5,1730066939999,44241.2640,152,6576.0,23400.0090,0
1730066940000,3.559,3.561,3.559,3.560,18861.5,1730066999999,67149.5159,168,8213.0,29242.0029,0
1730067000000,3.560,3.562,3.558,3.560,16174.7,1730067059999,57580.8546,203,6927.1,24660.8348,0
1730067060000,3.559,3.561,3.558,3.560,16355.8,1730067119999,58208.3059,229,7708.9,27437.7165,0
1730067120000,3.559,3.562,3.558,3.561,43956.7,1730067179999,156497.5937,312,30176.8,107436.7206,0
1730067180000,3.561,3.563,3.555,3.555,13025.1,1730067239999,46366.8346,175,3529.8,12571.0255,0
1730067240000,3.555,3.558,3.553,3.557,24028.2,1730067299999,85414.1218,266,8761.7,31155.1159,0
1730067300000,3.557,3.561,3.555,3.559,8848.6,1730067359999,31487.0858,222,7143.5,25420.5226,0
1730067360000,3.559,3.559,3.554,3.555,7446.1,1730067419999,26483.5308,131,3370.5,11986.7325,0
1730067420000,3.556,3.556,3.554,3.554,10326.0,1730067479999,36705.5849,121,757.0,2691.3709,0
1730067480000,3.553,3.555,3.552,3.553,8670.9,1730067539999,30813.7617,108,6174.5,21944.1724,0
1730067540000,3.553,3.556,3.551,3.554,13965.9,1730067599999,49618.5116,156,8903.8,31633.8488,0
1730067600000,3.553,3.555,3.552,3.555,5305.5,1730067659999,18855.0849,88,3741.7,13298.1236,0
1730067660000,3.556,3.556,3.552,3.553,6223.7,1730067719999,22123.0631,106,2213.9,7872.5585,0
1730067720000,3.552,3.552,3.550,3.551,7522.5,1730067779999,26715.9124,110,462.7,1643.2158,0
1730067780000,3.552,3.552,3.550,3.550,1460.8,1730067839999,5187.1745,55,314.3,1116.0831,0
1730067840000,3.551,3.553,3.550,3.552,11051.6,1730067899999,39253.2104,97,10462.1,37159.7512,0
1730067900000,3.552,3.555,3.552,3.554,3352.1,1730067959999,11910.2668,83,2433.5,8645.8086,0
1730067960000,3.554,3.557,3.554,3.555,8072.7,1730068019999,28707.3709,116,6686.2,23778.6904,0
1730068020000,3.556,3.556,3.555,3.556,306.0,1730068079999,1088.1231,22,293.1,1042.2636,0
1730068080000,3.556,3.557,3.555,3.557,9213.7,1730068139999,32770.3257,100,4079.1,14507.4484,0
1730068140000,3.558,3.558,3.556,3.556,2564.0,1730068199999,9118.8220,57,783.9,2787.9477,0
1730068200000,3.556,3.559,3.554,3.554,12075.1,1730068259999,42953.3475,199,7401.7,26334.5870,0
1730068260000,3.555,3.558,3.554,3.555,3344.5,1730068319999,11893.8458,116,1695.2,6028.6444,0
1730068320000,3.555,3.558,3.554,3.557,6448.6,1730068379999,22934.1810,110,3060.7,10884.2334,0
1730068380000,3.557,3.557,3.555,3.555,4713.2,1730068439999,16758.3672,67,1471.8,5232.4293,0
1730068440000,3.555,3.555,3.553,3.554,2430.5,1730068499999,8638.1608,90,1284.3,4564.7489,0
1730068500000,3.554,3.555,3.551,3.551,6031.8,1730068559999,21430.0526,109,1014.3,3604.5710,0
1730068560000,3.552,3.552,3.550,3.552,7851.8,1730068619999,27876.1185,104,2540.7,9021.1805,0
1730068620000,3.552,3.553,3.552,3.553,3836.9,1730068679999,13632.2780,54,3566.5,12671.7745,0
1730068680000,3.553,3.555,3.553,3.553,4773.3,1730068739999,16964.7125,62,3871.9,13761.1491,0
1730068740000,3.553,3.553,3.548,3.548,2862.9,1730068799999,10165.7077,105,191.7,680.5755,0
1730068800000,3.549,3.550,3.547,3.547,10192.7,1730068859999,36163.2506,138,2733.4,9701.2554,0
1730068860000,3.547,3.550,3.546,3.550,22159.6,1730068919999,78604.6240,204,15729.4,55798.9641,0
1730068920000,3.550,3.552,3.549,3.552,3244.3,1730068979999,11519.6320,102,3163.0,11231.0424,0
1730068980000,3.553,3.554,3.552,3.553,2385.5,1730069039999,8477.8548,76,429.9,1527.7354,0
1730069040000,3.553,3.554,3.551,3.551,2578.9,1730069099999,9161.6233,84,262.1,931.3245,0
1730069100000,3.551,3.556,3.550,3.555,102422.2,1730069159999,364008.2966,302,27856.9,99006.6729,0
1730069160000,3.555,3.557,3.555,3.555,1575.0,1730069219999,5600.3791,62,1038.1,3691.4851,0
1730069220000,3.556,3.556,3.552,3.553,12483.4,1730069279999,44349.2876,103,1079.9,3836.9265,0
1730069280000,3.554,3.555,3.551,3.555,51279.2,1730069339999,182238.1737,261,29872.4,106159.2889,0
1730069340000,3.554,3.558,3.554,3.557,3829.3,1730069399999,13618.2844,63,2809.3,9990.6414,0
1730069400000,3.557,3.558,3.555,3.555,5739.0,1730069459999,20410.1878,114,1104.3,3927.9996,0
1730069460000,3.556,3.556,3.555,3.555,3083.1,1730069519999,10962.1592,77,1738.7,6182.8172,0
1730069520000,3.555,3.556,3.554,3.556,3672.9,1730069579999,13056.9692,56,3262.3,11597.5283,0
1730069580000,3.555,3.557,3.555,3.556,1859.6,1730069639999,6613.1010,45,1270.3,4517.6286,0
1730069640000,3.556,3.557,3.555,3.555,1731.7,1730069699999,6157.9254,37,4.5,16.0065,0
1730069700000,3.556,3.557,3.554,3.554,3949.5,1730069759999,14041.6969,119,923.3,3283.2647,0
1730069760000,3.555,3.555,3.553,3.554,4304.1,1730069819999,15294.1190,80,17.2,61.1339,0
1730069820000,3.553,3.554,3.551,3.553,12617.9,1730069879999,44820.3516,142,6877.9,24430.3660,0
1730069880000,3.553,3.554,3.552,3.553,3979.6,1730069939999,14138.8917,51,1933.8,6870.8254,0
1730069940000,3.552,3.552,3.551,3.551,1033.2,1730069999999,3669.8100,50,415.6,1476.2112,0
1730070000000,3.552,3.555,3.552,3.555,8125.2,1730070059999,28875.5944,156,7711.1,27404.2123,0
1730070060000,3.555,3.561,3.555,3.560,3273.9,1730070119999,11647.6767,100,2754.1,9797.8110,0
1730070120000,3.561,3.564,3.560,3.564,10050.7,1730070179999,35803.3765,153,6547.9,23324.7849,0
1730070180000,3.563,3.563,3.559,3.560,15103.6,1730070239999,53777.8995,179,4595.1,16361.2046,0
1730070240000,3.561,3.564,3.561,3.563,10981.5,1730070299999,39119.2657,125,7945.3,28301.3011,0
1730070300000,3.563,3.567,3.563,3.565,42834.7,1730070359999,152738.0942,279,36968.9,131827.0141,0
1730070360000,3.565,3.566,3.560,3.560,24828.8,1730070419999,88481.2685,164,4124.6,14707.0443,0
1730070420000,3.561,3.562,3.561,3.562,2010.9,1730070479999,7161.2361,34,1878.7,6690.4719,0
1730070480000,3.562,3.562,3.560,3.560,2266.8,1730070539999,8071.7892,50,83.9,298.8518,0
1730070540000,3.561,3.562,3.557,3.557,5692.7,1730070599999,20265.9640,116,608.7,2167.5626,0
1730070600000,3.558,3.558,3.557,3.558,106.0,1730070659999,377.0802,17,38.2,135.9156,0
1730070660000,3.557,3.557,3.555,3.557,6778.4,1730070719999,24107.1351,118,3072.9,10929.5174,0
1730070720000,3.557,3.559,3.556,3.559,24888.0,1730070779999,88548.8179,186,16084.1,57228.7684,0
1730070780000,3.559,3.560,3.556,3.557,12845.9,1730070839999,45693.9567,91,7316.8,26021.2809,0
1730070840000,3.557,3.557,3.555,3.557,7511.9,1730070899999,26716.7354,122,5375.8,19120.4713,0
1730070900000,3.556,3.557,3.554,3.554,7062.5,1730070959999,25110.2462,94,38.1,135.4527,0
1730070960000,3.555,3.558,3.554,3.554,12180.0,1730071019999,43314.6946,154,10952.0,38948.4103,0
1730071020000,3.554,3.555,3.553,3.553,5978.7,1730071079999,21248.1524,100,1096.0,3895.3036,0
1730071080000,3.553,3.553,3.551,3.553,6074.1,1730071139999,21576.2203,167,1615.8,5739.7243,0
1730071140000,3.553,3.553,3.552,3.553,9918.3,1730071199999,35237.6904,116,5898.1,20954.5307,0
1730071200000,3.552,3.553,3.550,3.550,2086.2,1730071259999,7408.6850,40,15.0,53.2800,0
1730071260000,3.551,3.551,3.548,3.548,11902.8,1730071319999,42249.5475,156,5939.1,21080.5632,0
1730071320000,3.549,3.550,3.548,3.550,3179.6,1730071379999,11284.6421,82,2432.5,8633.5907,0
1730071380000,3.550,3.554,3.550,3.553,9578.9,1730071439999,34026.0824,113,7917.9,28125.3637,0
1730071440000,3.553,3.554,3.553,3.553,889.9,1730071499999,3161.8841,30,69.4,246.6476,0
1730071500000,3.553,3.553,3.548,3.549,3392.0,1730071559999,12043.8842,112,94.2,334.6708,0
1730071560000,3.549,3.550,3.548,3.550,11612.4,1730071619999,41208.1895,131,8737.0,31004.3066,0
1730071620000,3.549,3.551,3.548,3.548,7485.7,1730071679999,26571.7578,123,5102.0,18112.5655,0
1730071680000,3.547,3.602,3.546,3.597,716429.9,1730071739999,2564361.1968,3836,518516.2,1853362.7253,0
1730071740000,3.598,3.603,3.586,3.588,260012.1,1730071799999,934849.7233,1582,95837.8,344663.1162,0
1730071800000,3.588,3.592,3.587,3.590,59351.9,1730071859999,213058.9619,469,38115.6,136826.8535,0
1730071860000,3.591,3.593,3.588,3.589,67615.1,1730071919999,242752.8056,431,27478.8,98654.8345,0
1730071920000,3.589,3.589,3.583,3.583,77495.1,1730071979999,277905.0208,555,27573.5,98879.8743,0
1730071980000,3.584,3.586,3.579,3.579,49767.1,1730072039999,178296.6551,470,23013.7,82460.0051,0
1730072040000,3.580,3.580,3.579,3.580,6176.2,1730072099999,22105.8654,81,1245.6,4459.2480,0
1730072100000,3.580,3.580,3.578,3.579,22409.1,1730072159999,80204.9485,185,13899.6,49752.4652,0
1730072160000,3.579,3.580,3.578,3.580,14096.6,1730072219999,50452.9593,197,8365.1,29939.9412,0
1730072220000,3.580,3.580,3.579,3.580,1319.7,1730072279999,4724.3059,90,1099.6,3936.5680,0
1730072280000,3.579,3.580,3.577,3.578,18016.7,1730072339999,64473.5949,197,3647.9,13055.2339,0
1730072340000,3.578,3.578,3.576,3.576,10075.2,1730072399999,36032.4143,248,1033.2,3696.2023,0
1730072400000,3.576,3.577,3.575,3.575,23301.9,1730072459999,83318.6957,153,11224.8,40139.5072,0
1730072460000,3.574,3.574,3.567,3.568,76352.7,1730072519999,272720.1108,505,20488.5,73165.9922,0
1730072520000,3.568,3.569,3.567,3.567,43979.3,1730072579999,156918.3165,193,36936.0,131787.9431,0
1730072580000,3.567,3.570,3.567,3.567,17906.1,1730072639999,63891.9665,176,6604.4,23566.6177,0
1730072640000,3.567,3.567,3.564,3.565,19140.0,1730072699999,68245.0819,245,1604.1,5718.7477,0
1730072700000,3.565,3.567,3.564,3.566,17858.1,1730072759999,63673.9648,179,12510.0,44606.8286,0
1730072760000,3.565,3.567,3.564,3.567,8967.4,1730072819999,31975.0298,111,7456.1,26588.0857,0
1730072820000,3.568,3.570,3.566,3.569,7551.5,1730072879999,26949.4542,121,5878.4,20979.0499,0
1730072880000,3.569,3.569,3.564,3.564,12967.3,1730072939999,46241.4011,99,1877.0,6693.3163,0
1730072940000,3.564,3.567,3.564,3.565,18297.2,1730072999999,65247.9654,145,8078.6,28808.9465,0
1730073000000,3.565,3.570,3.565,3.570,43991.1,1730073059999,156927.9540,268,40107.3,143080.4221,0
1730073060000,3.570,3.570,3.568,3.569,9825.8,1730073119999,35066.7514,88,1702.1,6074.9291,0
1730073120000,3.569,3.569,3.561,3.562,20308.3,1730073179999,72380.0512,216,3341.8,11906.1183,0
1730073180000,3.563,3.566,3.562,3.564,7524.6,1730073239999,26819.6842,82,6891.1,24561.5113,0
1730073240000,3.564,3.566,3.563,3.566,10394.0,1730073299999,37054.6703,109,8734.2,31138.9016,0
1730073300000,3.567,3.567,3.562,3.564,38718.2,1730073359999,138025.4675,178,8078.0,28793.1096,0
1730073360000,3.564,3.566,3.563,3.565,11964.2,1730073419999,42649.3534,72,11919.8,42491.1510,0
1730073420000,3.565,3.566,3.563,3.564,9484.4,1730073479999,33807.3296,109,1731.1,6171.9090,0
1730073480000,3.564,3.564,3.562,3.563,702.9,1730073539999,2504.3079,31,66.2,235.8722,0
1730073540000,3.563,3.563,3.561,3.563,6446.5,1730073599999,22963.7909,80,2339.8,8335.8577,0
